0 0.416504 0.986758 0.415771 0.983581 0.411621 0.976695 0.406738 0.972987 0.404785 0.970339 0.399414 0.970339 0.395996 0.972458 0.392822 0.970869 0.389648 0.964513 0.388916 0.961335 0.387939 0.949682 0.387207 0.949153 0.386230 0.956568 0.384521 0.960805 0.382568 0.963453 0.378662 0.974047 0.373779 0.980932 0.372314 0.981992 0.361084 0.982521 0.356689 0.985169 0.355225 0.987288 0.354980 0.996292 0.355225 0.999470 0.415039 0.999470 0.415039 0.994703
0 0.000000 0.000000 0.000000 0.540784 0.008057 0.554025 0.000000 0.613347 0.019287 0.647775 0.000000 0.737288 0.017334 0.750530 0.057129 0.720339 0.082031 0.799258 0.069580 0.867585 0.081055 0.891419 0.107422 0.855932 0.171875 0.865466 0.152588 0.931674 0.098633 0.962924 0.094971 0.999470 0.332764 0.999470 0.330078 0.957097 0.346680 0.945445 0.334473 0.916843 0.359619 0.852225 0.383057 0.887182 0.433350 0.864936 0.464355 0.961864 0.458984 0.999470 0.758301 0.999470 0.760498 0.968750 0.778564 0.963983 0.791992 0.999470 0.875244 0.999470 0.920166 0.933263 0.920166 0.887182 0.894043 0.844809 0.893311 0.786547 0.965332 0.746822 0.999756 0.802436 0.999756 0.630826 0.950195 0.607521 0.999756 0.525953 0.999756 0.451271 0.990234 0.436970 0.999756 0.412606 0.999756 0.295021 0.962402 0.310911 0.929443 0.257945 0.878174 0.300847 0.845703 0.197034 0.857910 0.186970 0.867676 0.221928 0.887207 0.224047 0.907471 0.147775 0.883545 0.109640 0.791748 0.186970 0.776611 0.161547 0.781738 0.135593 0.768555 0.080508 0.791504 0.029131 0.764648 0.000000
2 0.555420 0.976695 0.555176 0.977754 0.555420 0.979873 0.554932 0.980932 0.554688 0.980932 0.554688 0.981992 0.554443 0.982521 0.554443 0.984110 0.553711 0.987288 0.553711 0.988877 0.553467 0.989407 0.553467 0.990996 0.553223 0.991525 0.553711 0.992055 0.553223 0.992585 0.553467 0.993114 0.553223 0.993644 0.553223 0.997352 0.553467 0.997881 0.553223 0.998411 0.553223 0.999470 0.557373 0.999470 0.557373 0.996822 0.557617 0.996292 0.558350 0.996292 0.558350 0.993644 0.558594 0.993114 0.559326 0.993114 0.559570 0.993644 0.559570 0.997352 0.559326 0.997881 0.558594 0.997881 0.558594 0.999470 0.561279 0.999470 0.561279 0.991525 0.560547 0.991525 0.560303 0.990466 0.560547 0.989936 0.561035 0.990466 0.561523 0.990466 0.561768 0.989936 0.562012 0.988347 0.561523 0.986229 0.561768 0.985169 0.562256 0.984640 0.562256 0.981992 0.562500 0.980932 0.562988 0.980403 0.562500 0.980403 0.562256 0.979873 0.562500 0.979343 0.562256 0.979873 0.561768 0.979873 0.561035 0.978814 0.560791 0.979343 0.560059 0.977754 0.558105 0.977754 0.558105 0.978814 0.558594 0.979343 0.558594 0.979873 0.558105 0.980403 0.558105 0.981462 0.557617 0.981992 0.557617 0.982521 0.558105 0.983051 0.558105 0.986758 0.557861 0.987288 0.557373 0.987288 0.556885 0.986229 0.556885 0.983581 0.557129 0.983051 0.557129 0.981462 0.556885 0.980932 0.556885 0.979873 0.557129 0.979343 0.557129 0.978284 0.556152 0.976695
2 0.635742 0.881356 0.635742 0.884004 0.635986 0.884004 0.636230 0.884534 0.636230 0.889301 0.635986 0.889831 0.635742 0.889831 0.635742 0.890360 0.635986 0.890360 0.636230 0.890890 0.636230 0.891419 0.636475 0.891419 0.636719 0.891949 0.636719 0.893538 0.636475 0.894068 0.636230 0.894068 0.636230 0.894597 0.636475 0.894597 0.636719 0.895127 0.636719 0.902013 0.637939 0.902013 0.638184 0.901483 0.638428 0.902013 0.639404 0.902013 0.639404 0.898835 0.639648 0.898305 0.637695 0.898305 0.637451 0.897775 0.637451 0.896186 0.637695 0.895657 0.638428 0.895657 0.638428 0.895127 0.638672 0.894597 0.638916 0.894597 0.639160 0.895127 0.639160 0.895657 0.639160 0.895127 0.637939 0.892479 0.637939 0.891949 0.636719 0.891949 0.636475 0.891419 0.636475 0.890360 0.636230 0.889831 0.636230 0.889301 0.636475 0.888771 0.636475 0.886123 0.636230 0.885593 0.636230 0.884004 0.636475 0.883475 0.636475 0.881356
2 0.551758 0.888771 0.552002 0.889301 0.552002 0.888771 0.552246 0.888242 0.552490 0.888242 0.552734 0.888771 0.552490 0.889301 0.553223 0.890360 0.554199 0.890360 0.554443 0.890890 0.555420 0.890890 0.555664 0.891419 0.556396 0.891419 0.556641 0.891949 0.557617 0.891949 0.557861 0.892479 0.558350 0.892479 0.558838 0.891419 0.560303 0.891419 0.560547 0.891949 0.561279 0.891949 0.561523 0.892479 0.562256 0.892479 0.562256 0.891949 0.561523 0.891949 0.560547 0.889831 0.559570 0.889831 0.559326 0.889301 0.559326 0.885593 0.559082 0.885593 0.558838 0.885064 0.558838 0.884534 0.558594 0.884534 0.558350 0.884004 0.558350 0.882415 0.558105 0.882415 0.557861 0.881886 0.557861 0.881356 0.557129 0.881356 0.556885 0.880826 0.556885 0.879237 0.556641 0.879237 0.556641 0.879767 0.556396 0.880297 0.554688 0.880297 0.554688 0.880826 0.556885 0.880826 0.557129 0.881356 0.557129 0.881886 0.557373 0.881886 0.557617 0.882415 0.557617 0.882945 0.557373 0.883475 0.555664 0.883475 0.555664 0.887182 0.555420 0.887712 0.555176 0.887712 0.554932 0.887182 0.554932 0.886653 0.554688 0.887182 0.554688 0.888242 0.554932 0.888242 0.555420 0.889301 0.555176 0.889831 0.553467 0.889831 0.552979 0.888771 0.552979 0.887712 0.552246 0.887712 0.552246 0.888242 0.552002 0.888771
2 0.559326 0.869703 0.559082 0.869703 0.558838 0.869174 0.558838 0.868644 0.556152 0.868644 0.555908 0.868114 0.555908 0.867585 0.555664 0.867585 0.555420 0.867055 0.555420 0.866525 0.555176 0.866525 0.554932 0.865996 0.554932 0.864407 0.554688 0.864936 0.554688 0.867055 0.554443 0.867585 0.552246 0.867585 0.552002 0.867055 0.552002 0.866525 0.550293 0.866525 0.550293 0.868114 0.552002 0.868114 0.552246 0.868644 0.552246 0.869174 0.552490 0.869174 0.552734 0.869703 0.552734 0.872352 0.552490 0.872881 0.552246 0.872881 0.552246 0.874470 0.552002 0.875000 0.551758 0.875000 0.551758 0.876589 0.552002 0.876589 0.552246 0.877119 0.552246 0.878708 0.552490 0.878708 0.552490 0.878178 0.552734 0.877648 0.552979 0.877648 0.552979 0.877119 0.553223 0.876589 0.554199 0.876589 0.554199 0.875530 0.554443 0.875000 0.554443 0.873941 0.554688 0.873411 0.555420 0.873411 0.555664 0.873941 0.555664 0.874470 0.556885 0.874470 0.556885 0.873941 0.557129 0.873411 0.557373 0.873411 0.557373 0.872881 0.557129 0.872881 0.556885 0.872352 0.556885 0.870763 0.557129 0.870233 0.557373 0.870233 0.557373 0.869703 0.557617 0.869174 0.558350 0.869174 0.558594 0.869703 0.558594 0.870233 0.559326 0.870233
2 0.516846 0.858051 0.516602 0.858051 0.516602 0.863877 0.516357 0.864407 0.515869 0.864407 0.515381 0.863347 0.515381 0.859110 0.515137 0.859110 0.515137 0.860699 0.514893 0.861229 0.514648 0.861229 0.514648 0.863877 0.514404 0.864407 0.514160 0.864407 0.514160 0.864936 0.514404 0.864936 0.514648 0.865466 0.514648 0.867055 0.514893 0.867055 0.514893 0.866525 0.515137 0.865996 0.515381 0.865996 0.515625 0.866525 0.515625 0.867055 0.516846 0.867055 0.516846 0.866525 0.517090 0.865996 0.517822 0.865996 0.517822 0.864407 0.518066 0.863877 0.518799 0.863877 0.518799 0.863347 0.518555 0.863347 0.518311 0.862818 0.518311 0.862288 0.518066 0.862288 0.517822 0.861758 0.517822 0.861229 0.517578 0.861229 0.517334 0.860699 0.517334 0.859110 0.517090 0.859110 0.516846 0.858581
2 0.622070 0.855932 0.622070 0.856462 0.622314 0.856462 0.622559 0.856992 0.622559 0.857521 0.622803 0.857521 0.623047 0.858051 0.623047 0.858581 0.623779 0.858581 0.624023 0.859110 0.624023 0.859640 0.624268 0.859640 0.624512 0.860169 0.624512 0.861758 0.624268 0.862288 0.624023 0.862288 0.624023 0.863877 0.624512 0.863877 0.624756 0.863347 0.624756 0.862818 0.625244 0.861758 0.625732 0.862818 0.625732 0.863347 0.625732 0.862288 0.625977 0.861758 0.626709 0.861758 0.626953 0.862288 0.626953 0.863877 0.626709 0.864407 0.625488 0.864407 0.625488 0.865996 0.625732 0.865996 0.625732 0.865466 0.625977 0.864936 0.626221 0.864936 0.626465 0.865466 0.626465 0.867055 0.626709 0.867055 0.626953 0.866525 0.627197 0.866525 0.627197 0.864407 0.627441 0.863877 0.627686 0.863877 0.627686 0.863347 0.627441 0.863347 0.627197 0.862818 0.627197 0.861758 0.626953 0.861229 0.626953 0.860699 0.626709 0.860169 0.626709 0.859110 0.626465 0.859110 0.626221 0.858581 0.626221 0.856462 0.625977 0.856462 0.625732 0.856992 0.625488 0.856992 0.625488 0.857521 0.625244 0.858051 0.625000 0.858051 0.625000 0.858581 0.624756 0.859110 0.624023 0.857521 0.624023 0.856992 0.624268 0.856462 0.624268 0.855932 0.624512 0.855403 0.624756 0.855403 0.624512 0.855403 0.624268 0.854873 0.623535 0.854873 0.623291 0.855403 0.623047 0.855403 0.622803 0.855932
2 0.349609 0.845339 0.349121 0.851695 0.349365 0.861758 0.352295 0.902013 0.352295 0.921610 0.352783 0.931144 0.352295 0.938030 0.353027 0.975106 0.352783 0.981462 0.353760 0.984110 0.354980 0.983051 0.354736 0.981462 0.355225 0.980403 0.355957 0.981992 0.357422 0.980403 0.358643 0.981462 0.359375 0.980403 0.359619 0.912606 0.358887 0.878178 0.356689 0.852225 0.355957 0.853814 0.354492 0.852754 0.354248 0.851695 0.352051 0.852754 0.351074 0.849576 0.350830 0.846398
2 0.339844 0.846398 0.339355 0.847458 0.338867 0.847458 0.338623 0.847987 0.338867 0.848517 0.338867 0.849047 0.338623 0.849576 0.338379 0.849576 0.337646 0.847987 0.337646 0.847458 0.338135 0.846398 0.338867 0.846398 0.338623 0.845869 0.338623 0.845339 0.338379 0.844809 0.338623 0.844280 0.338379 0.844280 0.337891 0.845339 0.337646 0.844809 0.337402 0.845339 0.337158 0.844809 0.336914 0.844809 0.336914 0.845339 0.336670 0.845869 0.336426 0.845339 0.336182 0.845339 0.335693 0.844280 0.335693 0.843750 0.335449 0.844280 0.335449 0.844809 0.335205 0.845339 0.334961 0.845339 0.334961 0.845869 0.334717 0.846398 0.334473 0.846398 0.334473 0.846928 0.334229 0.847458 0.333984 0.847458 0.333984 0.847987 0.333740 0.848517 0.333496 0.848517 0.333252 0.849047 0.333252 0.849576 0.332764 0.850636 0.332520 0.850636 0.332520 0.851165 0.332764 0.851695 0.332520 0.852225 0.332275 0.852225 0.332031 0.851695 0.332031 0.851165 0.331787 0.851695 0.332031 0.852225 0.332031 0.852754 0.331787 0.853284 0.331543 0.853284 0.331299 0.853814 0.331299 0.854873 0.331055 0.855403 0.331299 0.855403 0.331543 0.855932 0.332520 0.855932 0.332764 0.856462 0.332764 0.856992 0.333008 0.857521 0.333008 0.858051 0.333496 0.858051 0.333740 0.858581 0.333984 0.858581 0.334229 0.858051 0.334229 0.857521 0.334473 0.856992 0.334473 0.856462 0.334961 0.855403 0.335205 0.855403 0.335449 0.854873 0.335693 0.854873 0.335938 0.854343 0.336426 0.854343 0.336670 0.853814 0.336914 0.853814 0.338135 0.851165 0.338379 0.851165 0.338623 0.850636 0.338623 0.850106 0.339600 0.847987 0.339600 0.847458 0.339844 0.846928
2 0.335205 0.836335 0.334717 0.835805 0.333984 0.837394 0.332764 0.836864 0.332275 0.838453 0.331787 0.837924 0.326416 0.850106 0.324463 0.852225 0.322021 0.858051 0.321777 0.857521 0.320801 0.858581 0.320801 0.859640 0.322266 0.861758 0.320312 0.862288 0.319824 0.860699 0.317383 0.865996 0.316650 0.869703 0.314209 0.875530 0.314453 0.877119 0.315186 0.877119 0.315430 0.878178 0.315674 0.877119 0.315918 0.878178 0.316650 0.876059 0.316895 0.877119 0.317139 0.876059 0.318115 0.876589 0.319336 0.871822 0.320312 0.871292 0.320312 0.869703 0.321289 0.868114 0.321289 0.866525 0.321533 0.865996 0.321777 0.867585 0.321533 0.865466 0.322021 0.864407 0.322021 0.862288 0.324219 0.858051 0.323975 0.856462 0.324463 0.855403 0.328369 0.855403 0.329102 0.856462 0.329102 0.857521 0.328369 0.859110 0.327881 0.858051 0.325195 0.858051 0.325195 0.859640 0.324219 0.860169 0.324219 0.861758 0.322754 0.864407 0.324219 0.865466 0.324219 0.868644 0.322754 0.868644 0.322754 0.869703 0.322266 0.870233 0.322754 0.871292 0.322510 0.873941 0.323242 0.874470 0.323975 0.872352 0.324219 0.873941 0.325195 0.875000 0.327637 0.869174 0.329346 0.866525 0.328613 0.865466 0.329590 0.862818 0.329590 0.859110 0.328857 0.858051 0.329346 0.857521 0.329834 0.853814 0.328125 0.853814 0.327637 0.854873 0.326904 0.853284 0.327393 0.852225 0.326904 0.851165 0.328369 0.847987 0.329102 0.850106 0.329834 0.850106 0.330322 0.847987 0.331055 0.846928 0.331299 0.844809 0.332031 0.845339 0.332031 0.847987 0.332764 0.847987 0.332764 0.842691 0.333740 0.841631 0.333740 0.840042 0.334229 0.839513 0.333252 0.837924 0.334229 0.837394 0.334473 0.836335
2 0.565430 0.846398 0.567871 0.860699 0.561523 0.862288 0.564941 0.864407 0.559814 0.869174 0.563477 0.870763 0.563477 0.880826 0.558594 0.880826 0.565430 0.882415 0.567139 0.872352 0.567383 0.887182 0.570312 0.889301 0.564941 0.889831 0.564697 0.897775 0.570557 0.898835 0.576904 0.889301 0.579590 0.904661 0.591309 0.918432 0.591553 0.933792 0.595947 0.934852 0.600098 0.948093 0.604980 0.999470 0.608398 0.992585 0.605469 0.974047 0.609375 0.999470 0.616943 0.999470 0.616211 0.994174 0.620361 0.999470 0.620117 0.979343 0.621094 0.999470 0.632568 0.999470 0.634277 0.987818 0.638184 0.989407 0.638672 0.999470 0.647949 0.999470 0.644287 0.979873 0.640381 0.976165 0.642578 0.970869 0.646484 0.975636 0.645508 0.982521 0.652100 0.982521 0.653809 0.995233 0.655518 0.987818 0.658203 0.992585 0.656250 0.997881 0.659424 0.998411 0.659912 0.989407 0.651855 0.980403 0.657959 0.979343 0.656006 0.969809 0.665283 0.970869 0.663818 0.959746 0.658936 0.958157 0.668701 0.959216 0.668701 0.941737 0.667480 0.952331 0.658691 0.933263 0.656738 0.936970 0.659668 0.940148 0.653809 0.947034 0.656006 0.938559 0.652100 0.932203 0.653809 0.945445 0.648438 0.942797 0.651855 0.948623 0.644531 0.951271 0.644287 0.923199 0.645996 0.941208 0.650146 0.942267 0.649658 0.936970 0.650879 0.943326 0.649170 0.933263 0.656982 0.924258 0.643066 0.915254 0.642090 0.905720 0.636230 0.911547 0.637939 0.916314 0.632568 0.911547 0.635498 0.905720 0.628906 0.913136 0.627686 0.899364 0.633545 0.897246 0.633301 0.883475 0.627686 0.878178 0.624756 0.893538 0.621338 0.877648 0.617432 0.877648 0.619385 0.871292 0.613037 0.858581 0.615479 0.854873 0.610107 0.836864 0.605713 0.835275 0.604248 0.843220 0.602295 0.837924 0.604004 0.844280 0.599854 0.845869 0.604736 0.845869 0.614258 0.868114 0.602539 0.847458 0.602295 0.855932 0.597656 0.853814 0.596924 0.881356 0.590332 0.875000 0.588867 0.881356 0.587402 0.871822 0.580078 0.878178 0.575439 0.867055 0.577637 0.854873 0.570801 0.850636 0.573242 0.855403 0.570312 0.855932 0.571045 0.846928
2 0.387207 0.799258 0.387451 0.799258 0.387695 0.799788 0.387695 0.800318 0.387939 0.800318 0.388184 0.800847 0.389404 0.800847 0.389404 0.800318 0.389160 0.799788 0.389404 0.799258 0.389893 0.799258 0.390137 0.799788 0.390381 0.799788 0.390381 0.799258 0.390625 0.798729 0.390869 0.799258 0.390869 0.798729 0.391113 0.798199 0.392090 0.798199 0.392334 0.797669 0.392578 0.798199 0.393311 0.798199 0.393311 0.797669 0.393555 0.797140 0.393311 0.797140 0.393311 0.797669 0.393066 0.798199 0.392578 0.798199 0.392334 0.797669 0.392578 0.797140 0.392822 0.797140 0.392578 0.796610 0.392578 0.797140 0.392334 0.797669 0.391602 0.797669 0.391357 0.797140 0.391357 0.796610 0.391113 0.796610 0.391113 0.798199 0.390869 0.798729 0.390625 0.798199 0.390625 0.796610 0.390381 0.796081 0.389893 0.796081 0.389648 0.796610 0.388184 0.796610 0.388184 0.797140 0.387939 0.797669 0.387695 0.797669 0.387695 0.798729 0.387451 0.799258 0.387207 0.798729
2 0.413330 0.791314 0.412842 0.790784 0.412842 0.789195 0.412598 0.789195 0.412354 0.788136 0.410400 0.788136 0.409912 0.791314 0.409180 0.791314 0.408936 0.790254 0.407227 0.790254 0.406982 0.791314 0.404785 0.791314 0.404785 0.793962 0.405518 0.793962 0.405762 0.794492 0.405029 0.796610 0.402344 0.796610 0.402100 0.796081 0.402100 0.794492 0.402344 0.793962 0.403076 0.793962 0.403076 0.792373 0.402344 0.792373 0.402100 0.793432 0.401367 0.793432 0.401123 0.792373 0.400391 0.792373 0.400146 0.791314 0.399414 0.791314 0.399170 0.790254 0.395508 0.790254 0.395508 0.790784 0.395020 0.791314 0.395020 0.793962 0.395508 0.794492 0.395508 0.795551 0.395020 0.796081 0.394775 0.797140 0.394043 0.796610 0.394043 0.797140 0.394775 0.798199 0.394531 0.798729 0.395020 0.799258 0.395020 0.800318 0.394775 0.800847 0.394531 0.799788 0.393799 0.800318 0.393066 0.801907 0.396484 0.801907 0.395264 0.799788 0.395264 0.798729 0.395752 0.798199 0.395996 0.799258 0.396729 0.798729 0.396484 0.798729 0.396240 0.797669 0.395508 0.797669 0.395020 0.796610 0.395264 0.796081 0.398682 0.796081 0.398926 0.796610 0.398682 0.797140 0.398926 0.796610 0.399414 0.797140 0.401123 0.797140 0.401367 0.796081 0.402100 0.796081 0.402344 0.797140 0.404541 0.797140 0.404785 0.797669 0.404541 0.798729 0.402588 0.798729 0.402588 0.799258 0.405762 0.799258 0.406250 0.797140 0.406982 0.797140 0.407227 0.798199 0.408936 0.798199 0.409180 0.797140 0.409912 0.797140 0.410156 0.798199 0.410400 0.798199 0.410400 0.796610 0.409180 0.796610 0.408936 0.795551 0.409424 0.795021 0.409424 0.793432 0.409668 0.792903 0.410400 0.792903 0.410645 0.793962 0.411377 0.793962 0.411621 0.795021 0.412354 0.795021 0.412354 0.794492 0.413330 0.792903
2 0.481445 0.771186 0.481445 0.771716 0.481201 0.772246 0.480957 0.772246 0.480713 0.772775 0.480713 0.773305 0.480957 0.773835 0.480957 0.777013 0.482666 0.777013 0.482666 0.776483 0.482910 0.775953 0.483154 0.775953 0.483154 0.772246 0.482910 0.772246 0.482666 0.771716 0.482666 0.771186
2 0.400146 0.769068 0.399170 0.766949 0.398682 0.767479 0.397949 0.766949 0.398438 0.766419 0.397949 0.763242 0.397949 0.764301 0.396973 0.765890 0.397217 0.766419 0.396973 0.766949 0.396484 0.766419 0.396240 0.768008 0.395996 0.766419 0.395264 0.767479 0.391602 0.766419 0.391357 0.768538 0.390137 0.768008 0.388672 0.769068 0.388428 0.770127 0.387207 0.769068 0.387451 0.768538 0.386475 0.767479 0.384766 0.767479 0.384521 0.768538 0.382812 0.768538 0.381592 0.769597 0.381104 0.769068 0.380859 0.769597 0.380371 0.768538 0.377441 0.772246 0.377441 0.774364 0.378662 0.775953 0.377930 0.776483 0.377930 0.778072 0.377441 0.779131 0.379395 0.779661 0.379395 0.783369 0.380371 0.783898 0.379883 0.785487 0.380859 0.785487 0.381592 0.784428 0.382812 0.786017 0.382324 0.788136 0.380859 0.787606 0.380615 0.787076 0.381348 0.786017 0.379883 0.787606 0.381104 0.787606 0.382324 0.789725 0.382812 0.788136 0.383545 0.787606 0.383789 0.788136 0.383789 0.790784 0.383301 0.791314 0.382812 0.793962 0.383789 0.790784 0.384521 0.790784 0.384033 0.789195 0.384521 0.787606 0.384766 0.789725 0.385742 0.791314 0.385742 0.793962 0.385254 0.794492 0.385254 0.796081 0.385986 0.796081 0.386230 0.796610 0.385986 0.798199 0.386475 0.798729 0.386719 0.794492 0.387451 0.795551 0.388916 0.795021 0.389648 0.792903 0.390381 0.792903 0.390625 0.791843 0.391602 0.793432 0.391602 0.795021 0.392090 0.793962 0.392822 0.795021 0.393311 0.793962 0.393311 0.792373 0.393799 0.791843 0.393799 0.790254 0.393066 0.790254 0.392334 0.788136 0.394287 0.787076 0.393555 0.787076 0.393066 0.786017 0.393311 0.785487 0.395264 0.785487 0.395508 0.786547 0.396729 0.786547 0.398193 0.784428 0.397949 0.783369 0.398193 0.782839 0.399658 0.782309 0.399658 0.780720 0.400146 0.780191 0.398682 0.779131 0.399414 0.777542 0.399414 0.774894 0.398926 0.772775 0.397949 0.771716 0.397705 0.770127 0.398193 0.769597 0.399170 0.770657 0.398926 0.770127 0.399170 0.769597 0.400146 0.770127
2 0.402344 0.730932 0.402344 0.733581 0.403564 0.733581 0.403809 0.734110 0.403809 0.734640 0.404541 0.734640 0.404785 0.735169 0.404785 0.735699 0.405029 0.735699 0.405273 0.736229 0.405273 0.736758 0.406006 0.736758 0.406250 0.737288 0.406250 0.737818 0.406006 0.738347 0.404785 0.738347 0.404785 0.738877 0.406006 0.738877 0.406006 0.738347 0.406250 0.737818 0.406738 0.737818 0.406982 0.738347 0.407227 0.738347 0.406982 0.737818 0.406982 0.737288 0.406250 0.737288 0.406006 0.736758 0.406006 0.731992 0.404785 0.731992 0.404541 0.731462 0.404541 0.730932 0.403320 0.730932 0.403076 0.730403 0.402832 0.730403 0.402588 0.730932
2 0.396484 0.727754 0.396484 0.729343 0.396729 0.729343 0.396973 0.729873 0.396973 0.730932 0.396729 0.731462 0.396973 0.731992 0.397705 0.730403 0.398193 0.730403 0.398438 0.730932 0.398438 0.732521 0.400146 0.732521 0.400391 0.733051 0.400391 0.733581 0.401123 0.733581 0.401123 0.730932 0.401367 0.730403 0.401367 0.728814 0.401611 0.728284 0.402100 0.728284 0.402344 0.727754 0.402588 0.728284 0.402588 0.728814 0.402832 0.729343 0.403076 0.729343 0.403076 0.728814 0.402832 0.728814 0.402588 0.728284 0.402588 0.727754 0.402344 0.727754 0.402100 0.727225 0.402100 0.726695 0.398438 0.726695 0.398438 0.727225 0.398193 0.727754 0.397949 0.727754 0.397705 0.727225 0.397705 0.726695 0.396973 0.726695 0.396973 0.727225 0.396729 0.727754
2 0.389648 0.694915 0.389648 0.699682 0.390137 0.700212 0.390137 0.702860 0.390625 0.703390 0.390625 0.711335 0.391846 0.711335 0.392090 0.711864 0.392090 0.713453 0.391846 0.713983 0.391113 0.713983 0.390869 0.715042 0.391113 0.716631 0.390869 0.717691 0.391357 0.717691 0.391113 0.717161 0.391846 0.715572 0.392090 0.716631 0.392578 0.717161 0.392334 0.717691 0.394287 0.717691 0.394287 0.715572 0.394775 0.714513 0.395020 0.715042 0.395020 0.719809 0.394775 0.720339 0.393066 0.720339 0.394043 0.722987 0.394287 0.722987 0.394287 0.721398 0.394775 0.720869 0.395020 0.721928 0.395752 0.721928 0.395996 0.722987 0.397217 0.722987 0.397461 0.724047 0.398193 0.724047 0.398926 0.721928 0.399658 0.721928 0.399658 0.720339 0.398926 0.720869 0.398438 0.719809 0.397949 0.719809 0.397705 0.719280 0.397705 0.716102 0.397461 0.716102 0.397217 0.715042 0.396240 0.714513 0.395508 0.712924 0.395752 0.711864 0.396729 0.712924 0.396973 0.711864 0.397705 0.712394 0.397461 0.711864 0.397705 0.711335 0.398193 0.711335 0.398438 0.710275 0.398926 0.710275 0.398438 0.709216 0.398193 0.709746 0.397461 0.709746 0.397461 0.710805 0.396973 0.711335 0.396484 0.709216 0.397217 0.708686 0.396729 0.708686 0.395996 0.709746 0.395752 0.708686 0.395020 0.708686 0.394775 0.708157 0.394775 0.706568 0.395020 0.706038 0.395752 0.706038 0.395996 0.701271 0.396240 0.700742 0.396729 0.700742 0.397217 0.701801 0.397705 0.701801 0.397461 0.700742 0.396729 0.700742 0.395996 0.698093 0.395508 0.698093 0.395508 0.698623 0.395020 0.699153 0.395020 0.701801 0.395264 0.701801 0.395508 0.702860 0.395264 0.703390 0.394531 0.703390 0.394531 0.704979 0.394043 0.705508 0.393799 0.706568 0.393066 0.706568 0.392822 0.705508 0.392334 0.704979 0.392334 0.703390 0.391846 0.702860 0.391846 0.699153 0.391602 0.699153 0.390869 0.697034 0.390137 0.698093 0.389893 0.697564 0.389893 0.694915
2 0.345215 0.669492 0.345215 0.672140 0.344971 0.672669 0.343750 0.672669 0.343750 0.673199 0.347412 0.673199 0.347656 0.673729 0.347656 0.674258 0.347412 0.674788 0.346191 0.674788 0.346191 0.675318 0.346436 0.675318 0.346680 0.675847 0.346680 0.676377 0.346924 0.676377 0.347168 0.676907 0.347168 0.677436 0.347412 0.677436 0.347656 0.677966 0.347656 0.680614 0.347900 0.680614 0.347900 0.680085 0.348145 0.679555 0.348389 0.679555 0.348389 0.677966 0.347900 0.677966 0.347412 0.676907 0.347412 0.674788 0.347656 0.674258 0.347900 0.674258 0.347900 0.672669 0.346680 0.672669 0.346436 0.672140 0.346436 0.671610 0.346680 0.671081 0.347412 0.671081 0.347412 0.670551 0.347656 0.670021 0.347900 0.670021 0.347656 0.670021 0.347412 0.670551 0.347168 0.670551 0.346680 0.669492 0.346191 0.669492 0.345947 0.670021 0.345703 0.669492
2 0.366699 0.661017 0.361816 0.715572 0.366211 0.711335 0.370361 0.730403 0.387939 0.755826 0.377930 0.740996 0.385986 0.739936 0.389893 0.759004 0.398193 0.756886 0.404785 0.787606 0.419189 0.779131 0.421387 0.797669 0.428955 0.800847 0.425537 0.796610 0.433838 0.789725 0.432617 0.802436 0.436523 0.801907 0.393799 0.907839 0.374512 0.983051 0.381592 0.983581 0.402100 0.913665 0.432373 0.841102 0.430176 0.833686 0.427734 0.846398 0.426270 0.836335 0.437500 0.807733 0.438477 0.818326 0.445068 0.807733 0.470215 0.829979 0.472412 0.822034 0.473633 0.833157 0.473877 0.822034 0.479248 0.821504 0.481445 0.839513 0.492676 0.853814 0.500244 0.840042 0.491943 0.822564 0.491943 0.801377 0.496826 0.796610 0.487061 0.788136 0.500244 0.792903 0.490967 0.782839 0.507324 0.769597 0.486816 0.753708 0.484863 0.762712 0.484863 0.752648 0.472168 0.746292 0.479004 0.752119 0.472656 0.753178 0.472168 0.767479 0.486084 0.770657 0.487061 0.755826 0.494629 0.768538 0.489258 0.762182 0.484375 0.772246 0.486572 0.786017 0.472656 0.777542 0.473877 0.792373 0.469482 0.778602 0.463379 0.789195 0.476318 0.770657 0.464600 0.757945 0.469727 0.745233 0.462402 0.754237 0.453369 0.743644 0.451660 0.754237 0.446289 0.740466 0.449219 0.753178 0.442383 0.745763 0.441650 0.754237 0.445312 0.732521 0.435059 0.729873 0.432373 0.745233 0.427246 0.720339 0.419434 0.722458 0.402588 0.690678 0.400391 0.720869 0.413574 0.733581 0.410400 0.743644 0.400391 0.742585 0.384521 0.711864 0.388672 0.719809 0.388428 0.711864 0.373291 0.696504 0.382324 0.681674 0.380859 0.695445 0.389404 0.707097 0.385010 0.698093 0.391357 0.685381 0.386719 0.687500 0.381592 0.667903 0.380615 0.677966 0.367432 0.674788 0.365479 0.667373 0.370850 0.664195
2 0.371094 0.656780 0.371094 0.658369 0.371338 0.658369 0.371582 0.658898 0.371582 0.660487 0.371826 0.660487 0.372070 0.661017 0.372070 0.663136 0.372314 0.663136 0.372559 0.663665 0.372314 0.664195 0.371582 0.664195 0.371582 0.665784 0.371826 0.665784 0.372070 0.666314 0.372070 0.666843 0.372314 0.666843 0.372559 0.667373 0.372559 0.667903 0.373779 0.667903 0.373779 0.667373 0.374023 0.666843 0.374268 0.666843 0.374512 0.667373 0.374512 0.667903 0.374756 0.667903 0.374756 0.666314 0.375000 0.665784 0.375244 0.665784 0.375488 0.666314 0.375488 0.666843 0.376221 0.666843 0.376465 0.667373 0.376465 0.667903 0.376709 0.667903 0.376709 0.667373 0.376953 0.666843 0.377197 0.666843 0.377197 0.663136 0.376953 0.663136 0.376709 0.662606 0.376709 0.662076 0.376465 0.662076 0.376221 0.661547 0.376221 0.661017 0.376465 0.660487 0.376709 0.660487 0.376465 0.660487 0.376221 0.659958 0.375488 0.659958 0.375488 0.660487 0.375244 0.661017 0.375000 0.661017 0.374756 0.660487 0.374756 0.659958 0.374756 0.660487 0.374512 0.661017 0.374268 0.660487 0.374268 0.658898 0.373535 0.658898 0.373291 0.658369 0.373291 0.657839 0.372559 0.657839 0.372070 0.656780
2 0.357422 0.640890 0.356934 0.647246 0.357422 0.645657 0.358398 0.648835 0.360107 0.646186 0.360840 0.647246 0.360596 0.650424 0.359375 0.650424 0.359131 0.652542 0.357422 0.652542 0.357910 0.654131 0.356689 0.656780 0.355957 0.655720 0.356934 0.658369 0.358398 0.659428 0.357910 0.663665 0.359375 0.668962 0.356689 0.668962 0.356689 0.666314 0.355225 0.664725 0.355225 0.658898 0.354492 0.661017 0.353760 0.654661 0.353027 0.654661 0.352539 0.657839 0.353027 0.672140 0.351074 0.675847 0.351074 0.678496 0.351318 0.677436 0.355469 0.677966 0.355225 0.680085 0.352539 0.680085 0.352539 0.685911 0.355225 0.685911 0.355469 0.692797 0.356934 0.695445 0.357666 0.694386 0.359131 0.697564 0.357422 0.697564 0.359131 0.699682 0.359131 0.696504 0.357666 0.694386 0.355225 0.685911 0.355225 0.680085 0.357178 0.680614 0.357910 0.682203 0.357910 0.683792 0.356445 0.685911 0.360596 0.685911 0.360840 0.688030 0.359863 0.690148 0.361328 0.693326 0.362549 0.693326 0.362061 0.692267 0.362061 0.686441 0.364014 0.685911 0.364990 0.683792 0.364990 0.681144 0.363281 0.679555 0.363525 0.676907 0.361816 0.677966 0.361572 0.675847 0.359375 0.674788 0.359131 0.672669 0.360596 0.672140 0.360840 0.669492 0.361572 0.671081 0.361328 0.673199 0.362305 0.673199 0.363037 0.667373 0.363525 0.666843 0.363770 0.668962 0.364014 0.667903 0.363525 0.666314 0.362061 0.667903 0.359619 0.666843 0.359131 0.663136 0.359619 0.662606 0.360107 0.664725 0.360596 0.662606 0.361328 0.665784 0.363525 0.664725 0.364502 0.665784 0.364014 0.664195 0.364502 0.663136 0.363525 0.662076 0.364502 0.661547 0.364746 0.659428 0.365479 0.660487 0.364990 0.658898 0.366455 0.657839 0.365234 0.656780 0.364258 0.657839 0.364746 0.659428 0.364014 0.661017 0.362793 0.661017 0.362793 0.658369 0.361084 0.656780 0.361328 0.653602 0.362549 0.655720 0.362793 0.652013 0.362549 0.653072 0.360596 0.652013 0.361084 0.650953 0.360596 0.646186 0.361816 0.643008 0.360352 0.641949 0.360840 0.645657 0.359375 0.646186 0.358643 0.640890
2 0.345215 0.632415 0.345215 0.635064 0.344727 0.635593 0.344727 0.640360 0.344482 0.640890 0.343506 0.638771 0.342773 0.638771 0.342529 0.638242 0.342773 0.637182 0.343506 0.637182 0.343506 0.636653 0.342773 0.636653 0.342529 0.637712 0.341797 0.636653 0.341797 0.637712 0.342773 0.639301 0.343506 0.639301 0.344238 0.641419 0.343750 0.641949 0.343750 0.643538 0.343994 0.644068 0.343506 0.645657 0.343506 0.648305 0.344238 0.649364 0.344482 0.652013 0.345215 0.653602 0.344971 0.654661 0.343506 0.654661 0.343506 0.655720 0.342773 0.657309 0.343018 0.657839 0.342773 0.660487 0.343506 0.660487 0.343506 0.658898 0.344482 0.657309 0.344727 0.657839 0.344727 0.659428 0.345215 0.659958 0.345215 0.662606 0.344971 0.663136 0.344238 0.663136 0.344238 0.664725 0.344727 0.665784 0.344482 0.666314 0.343750 0.666314 0.343750 0.666843 0.344482 0.666843 0.344971 0.665784 0.345947 0.667903 0.345947 0.665254 0.346191 0.664725 0.347412 0.664725 0.347412 0.663665 0.346436 0.662606 0.346436 0.661017 0.347168 0.660487 0.347168 0.659958 0.346680 0.659958 0.345947 0.658369 0.345947 0.656780 0.345459 0.656250 0.345459 0.654661 0.346191 0.653072 0.346924 0.653072 0.347168 0.652013 0.347656 0.652013 0.347900 0.650953 0.348145 0.652013 0.348389 0.651483 0.346924 0.648835 0.346924 0.647775 0.346680 0.648305 0.346191 0.647246 0.345947 0.645127 0.345459 0.644597 0.345947 0.643538 0.345947 0.641949 0.344971 0.640360 0.344971 0.635593 0.345459 0.635064 0.345703 0.635593 0.345703 0.637182 0.347412 0.637182 0.347656 0.637712 0.347656 0.643008 0.346924 0.643538 0.347412 0.643538 0.347656 0.644597 0.347900 0.643538 0.348389 0.644597 0.347900 0.643008 0.348145 0.642479 0.348877 0.642479 0.348877 0.641949 0.347900 0.640360 0.348389 0.639301 0.347900 0.638242 0.347900 0.636653 0.347412 0.636123 0.347900 0.634534 0.346680 0.634534 0.346436 0.635593 0.345703 0.635593 0.345459 0.635064 0.345459 0.632415
2 0.336914 0.629237 0.336914 0.635064 0.336670 0.635593 0.336914 0.636123 0.336914 0.640360 0.337646 0.640360 0.337646 0.639831 0.337402 0.639831 0.337158 0.639301 0.337158 0.638771 0.337402 0.638242 0.338623 0.638242 0.338867 0.638771 0.338867 0.640360 0.339600 0.640360 0.339844 0.640890 0.339844 0.643538 0.340576 0.643538 0.340576 0.643008 0.340820 0.642479 0.341064 0.642479 0.341064 0.641419 0.340820 0.640890 0.341064 0.640360 0.341064 0.638771 0.340820 0.638771 0.340576 0.638242 0.340576 0.637712 0.340332 0.637712 0.340332 0.638771 0.339844 0.639831 0.339600 0.639301 0.339600 0.638771 0.339355 0.638771 0.339111 0.638242 0.339111 0.637712 0.338867 0.637712 0.338623 0.637182 0.338623 0.635593 0.338379 0.635593 0.338135 0.636123 0.337891 0.635593 0.337891 0.635064 0.337646 0.635064 0.337402 0.634534 0.337402 0.634004 0.337158 0.633475 0.337402 0.632945 0.338623 0.632945 0.338623 0.632415 0.338379 0.632415 0.338135 0.631886 0.338135 0.631356 0.337891 0.631356 0.337646 0.630826 0.337646 0.629237
2 0.330078 0.629237 0.329102 0.631356 0.329590 0.632415 0.329590 0.634004 0.330078 0.634534 0.330078 0.638242 0.330566 0.639301 0.331787 0.639301 0.332031 0.639831 0.332031 0.645657 0.331543 0.646186 0.331787 0.647775 0.331299 0.649364 0.330566 0.649364 0.330078 0.650424 0.330078 0.653072 0.331055 0.654661 0.331055 0.656250 0.332031 0.657839 0.332031 0.661547 0.331543 0.662076 0.331299 0.661017 0.330322 0.661017 0.330566 0.663665 0.329346 0.665784 0.329590 0.666843 0.330566 0.667373 0.330811 0.666843 0.331055 0.667903 0.332031 0.668432 0.331787 0.669492 0.330322 0.669492 0.331055 0.671081 0.332275 0.671081 0.332520 0.670021 0.333008 0.670551 0.333008 0.672140 0.333496 0.673199 0.332520 0.674788 0.333252 0.677436 0.334229 0.677436 0.334229 0.675847 0.333496 0.675847 0.333252 0.673729 0.334473 0.671081 0.335205 0.671081 0.335693 0.670021 0.335693 0.667373 0.335938 0.666843 0.336426 0.667903 0.337158 0.667903 0.337158 0.661017 0.337646 0.660487 0.337158 0.659428 0.337158 0.658369 0.337402 0.657839 0.338623 0.658898 0.338623 0.657839 0.335938 0.654131 0.335938 0.655720 0.336914 0.657309 0.336914 0.662606 0.335938 0.663136 0.335693 0.662606 0.335693 0.657839 0.334961 0.657839 0.334717 0.657309 0.335205 0.656780 0.334473 0.656780 0.333740 0.655191 0.333740 0.652542 0.332520 0.652542 0.332275 0.652013 0.333008 0.649894 0.333496 0.650953 0.333740 0.649364 0.334717 0.647246 0.334229 0.646716 0.334229 0.645127 0.333252 0.643538 0.333252 0.638771 0.332764 0.637712 0.331787 0.637182 0.331787 0.631356
2 0.556396 0.622881 0.554688 0.622881 0.554688 0.623411 0.554443 0.623941 0.554199 0.623941 0.554199 0.624470 0.553955 0.625000 0.553223 0.625000 0.553223 0.626589 0.553467 0.626589 0.553711 0.627119 0.553711 0.627648 0.553467 0.628178 0.553223 0.628178 0.553223 0.628708 0.552979 0.629237 0.552734 0.629237 0.552734 0.629767 0.552490 0.630297 0.552246 0.630297 0.552246 0.630826 0.552002 0.631356 0.550781 0.631356 0.550537 0.630826 0.550537 0.630297 0.550293 0.630297 0.550293 0.631886 0.550049 0.632415 0.549805 0.632415 0.549805 0.632945 0.551025 0.632945 0.551270 0.633475 0.551270 0.634004 0.551514 0.634004 0.551758 0.634534 0.551758 0.635064 0.551514 0.635593 0.550781 0.635593 0.550781 0.637712 0.551025 0.638242 0.552002 0.638242 0.552246 0.638771 0.552246 0.640360 0.552490 0.640360 0.552734 0.640890 0.552734 0.641419 0.553467 0.641419 0.553467 0.639831 0.553711 0.639301 0.553955 0.639301 0.553955 0.638771 0.552734 0.638771 0.552490 0.638242 0.552490 0.637712 0.552246 0.637712 0.552002 0.637182 0.552002 0.635593 0.552246 0.635064 0.554932 0.635064 0.555176 0.635593 0.555176 0.637182 0.555908 0.637182 0.556152 0.637712 0.556152 0.638242 0.556396 0.638242 0.556396 0.637712 0.556641 0.637182 0.556885 0.637182 0.556885 0.635593 0.556152 0.635593 0.555908 0.635064 0.555908 0.630297 0.555664 0.630297 0.555420 0.629767 0.555420 0.628178 0.555176 0.628178 0.554688 0.626589 0.554688 0.626059 0.554932 0.625530 0.555908 0.625530 0.555908 0.625000 0.556152 0.624470 0.556396 0.624470
2 0.337646 0.621822 0.337402 0.621822 0.336914 0.622881 0.335938 0.622881 0.335938 0.623411 0.335693 0.623941 0.334717 0.623941 0.334717 0.625000 0.334961 0.625530 0.334961 0.626059 0.335205 0.626589 0.335205 0.627648 0.334961 0.628178 0.334961 0.628708 0.335205 0.629237 0.335205 0.629767 0.335449 0.630297 0.335449 0.630826 0.335693 0.630826 0.335693 0.627119 0.335449 0.626589 0.335449 0.626059 0.335693 0.625530 0.336182 0.625530 0.336426 0.626059 0.336426 0.626589 0.338379 0.626589 0.338623 0.626059 0.338379 0.626059 0.338135 0.625530 0.338135 0.622881 0.337891 0.622881 0.337646 0.622352
2 0.328125 0.610169 0.328125 0.613877 0.329834 0.613877 0.330078 0.614407 0.330078 0.614936 0.329590 0.616525 0.328125 0.616525 0.327881 0.615996 0.327881 0.615466 0.327637 0.615466 0.327393 0.614936 0.327637 0.615466 0.327637 0.615996 0.327881 0.615996 0.328125 0.616525 0.328125 0.617055 0.329346 0.617055 0.329590 0.617585 0.329590 0.618114 0.331787 0.618114 0.332031 0.618644 0.332031 0.621292 0.332275 0.621822 0.332275 0.622352 0.332275 0.621822 0.332520 0.621292 0.335449 0.621292 0.335693 0.620763 0.335693 0.619703 0.334961 0.619703 0.334717 0.619174 0.334717 0.618644 0.334961 0.618114 0.336182 0.618114 0.336182 0.617585 0.335449 0.617585 0.335205 0.617055 0.335205 0.616525 0.334229 0.616525 0.333740 0.615466 0.333496 0.615466 0.333008 0.614407 0.332031 0.614407 0.332031 0.615996 0.331787 0.616525 0.331299 0.616525 0.331055 0.615996 0.331055 0.614407 0.330811 0.613877 0.330811 0.613347 0.330078 0.613347 0.329834 0.612818 0.329834 0.612288 0.329102 0.612288 0.328857 0.611758 0.328857 0.610169
2 0.343018 0.595869 0.342773 0.596928 0.343262 0.598517 0.343262 0.600106 0.343750 0.600636 0.343506 0.601695 0.343750 0.604343 0.343262 0.604873 0.343018 0.606992 0.342529 0.606462 0.342529 0.603814 0.343018 0.602754 0.342285 0.603814 0.342041 0.601695 0.340088 0.601695 0.339844 0.601165 0.339844 0.605403 0.341309 0.602225 0.342285 0.603814 0.342285 0.609640 0.341309 0.610169 0.341064 0.612288 0.339844 0.612288 0.339600 0.610169 0.338379 0.610169 0.338135 0.608051 0.337402 0.608051 0.337158 0.606992 0.335938 0.606992 0.335938 0.609110 0.335449 0.610169 0.336670 0.610699 0.337891 0.613347 0.337891 0.614936 0.339355 0.618114 0.340820 0.618644 0.340820 0.626589 0.339600 0.628178 0.338867 0.628178 0.338867 0.630826 0.339844 0.631356 0.339844 0.634534 0.340088 0.635064 0.340576 0.634004 0.341309 0.635593 0.341064 0.629767 0.341553 0.629237 0.341553 0.627119 0.342529 0.626059 0.342041 0.625530 0.342285 0.624470 0.343018 0.625530 0.343262 0.627119 0.343262 0.631886 0.343750 0.632415 0.343750 0.634004 0.343262 0.635064 0.343994 0.635064 0.343750 0.633475 0.343994 0.627119 0.343506 0.626589 0.343506 0.625000 0.343994 0.624470 0.344482 0.625530 0.344482 0.623941 0.344971 0.622881 0.345215 0.624470 0.345459 0.624470 0.345459 0.622881 0.346191 0.621292 0.346924 0.621292 0.347168 0.622352 0.347412 0.619174 0.345947 0.618114 0.346924 0.615996 0.346436 0.614936 0.346436 0.611229 0.345947 0.610699 0.346436 0.609640 0.347656 0.610169 0.347900 0.609110 0.348145 0.610699 0.348145 0.609640 0.347656 0.608581 0.347412 0.609110 0.347168 0.608581 0.347168 0.607521 0.346680 0.606992 0.345215 0.602225 0.344238 0.600106 0.343994 0.600636 0.343506 0.600106 0.343262 0.598517 0.343506 0.597458
2 0.336426 0.595339 0.336426 0.597987 0.336670 0.597987 0.336914 0.598517 0.336914 0.599047 0.337158 0.599047 0.337402 0.599576 0.337402 0.600106 0.338623 0.600106 0.338623 0.599576 0.338867 0.599047 0.339355 0.599047 0.339355 0.598517 0.339600 0.597987 0.339844 0.598517 0.339844 0.599047 0.341553 0.599047 0.341553 0.598517 0.341797 0.597987 0.342041 0.597987 0.342041 0.597458 0.341553 0.596398 0.341553 0.594809 0.341309 0.594809 0.341064 0.594280 0.340820 0.594280 0.340820 0.594809 0.340576 0.595339 0.339355 0.595339 0.339355 0.595869 0.339111 0.596398 0.339355 0.596928 0.339355 0.597458 0.339111 0.597987 0.338867 0.597458 0.338867 0.597987 0.338623 0.598517 0.337891 0.598517 0.337646 0.597987 0.337646 0.597458 0.337891 0.596928 0.338135 0.596928 0.338135 0.596398 0.337891 0.596398 0.337891 0.596928 0.337646 0.597458 0.337402 0.597458 0.337158 0.596928 0.337158 0.594280 0.336914 0.594280 0.336914 0.594809 0.336670 0.595339
2 0.548340 0.583686 0.548340 0.585275 0.548584 0.585275 0.548828 0.585805 0.548828 0.586335 0.550537 0.586335 0.550781 0.586864 0.550781 0.588453 0.551758 0.588453 0.551025 0.588453 0.550781 0.587924 0.551270 0.586335 0.552490 0.586335 0.552490 0.584746 0.552734 0.584216 0.553955 0.584216 0.554688 0.585275 0.554443 0.585805 0.553711 0.585805 0.553711 0.586335 0.553467 0.586864 0.553223 0.586864 0.553223 0.588453 0.553467 0.588453 0.553711 0.588983 0.553711 0.589513 0.554443 0.589513 0.554932 0.588453 0.555176 0.588983 0.555176 0.589513 0.555908 0.589513 0.556152 0.590042 0.556152 0.590572 0.556396 0.590572 0.556641 0.590042 0.556885 0.590042 0.557129 0.590572 0.556885 0.590042 0.556885 0.588983 0.557129 0.588453 0.557373 0.588453 0.557373 0.587924 0.557129 0.587924 0.556885 0.587394 0.556885 0.585805 0.556641 0.585805 0.556152 0.584746 0.555176 0.584746 0.554932 0.584216 0.554932 0.583686 0.555176 0.583157 0.555420 0.583157 0.555420 0.581568 0.555664 0.581038 0.555908 0.581038 0.555908 0.580508 0.555664 0.580508 0.555420 0.579979 0.555420 0.579449 0.551758 0.579449 0.551758 0.579979 0.551514 0.580508 0.550781 0.580508 0.550781 0.581038 0.550537 0.581568 0.549805 0.581568 0.549805 0.582097 0.549561 0.582627 0.548828 0.582627 0.548828 0.583157 0.548584 0.583686
2 0.322754 0.559322 0.322754 0.560911 0.323730 0.563030 0.322021 0.566737 0.321045 0.564619 0.320312 0.565148 0.320312 0.566737 0.320801 0.567797 0.321777 0.567267 0.322021 0.568856 0.322266 0.567267 0.323486 0.567267 0.324219 0.568326 0.323730 0.575742 0.324219 0.572564 0.325439 0.572564 0.326172 0.575742 0.324219 0.576801 0.324463 0.577860 0.325439 0.577860 0.326172 0.579449 0.326172 0.581038 0.325439 0.582627 0.324463 0.582627 0.323975 0.580508 0.323486 0.581568 0.322754 0.580508 0.322998 0.581038 0.322266 0.582627 0.321045 0.579979 0.322021 0.576271 0.320557 0.576271 0.320068 0.575212 0.321045 0.573623 0.320557 0.572564 0.319824 0.573093 0.318359 0.576801 0.318359 0.583686 0.317871 0.586335 0.318359 0.586864 0.318359 0.588453 0.318848 0.585805 0.320068 0.588453 0.320068 0.585275 0.320557 0.584216 0.321289 0.584746 0.321289 0.591631 0.322266 0.593220 0.323242 0.600106 0.324707 0.601695 0.324219 0.602225 0.324707 0.604343 0.325684 0.604873 0.325684 0.609640 0.327393 0.609640 0.327881 0.608051 0.325928 0.605403 0.325928 0.602754 0.326416 0.602225 0.325439 0.602225 0.324951 0.601165 0.324951 0.597458 0.323975 0.595869 0.323975 0.594809 0.323486 0.594809 0.323730 0.593220 0.324219 0.593220 0.323975 0.592161 0.324707 0.590572 0.324707 0.588453 0.325439 0.587924 0.325439 0.584746 0.325928 0.584216 0.326660 0.585805 0.326660 0.587394 0.327393 0.587394 0.327637 0.588453 0.329346 0.588453 0.329834 0.585805 0.328613 0.586864 0.327881 0.585275 0.328369 0.584216 0.331787 0.584216 0.332275 0.585275 0.332764 0.583686 0.330322 0.578919 0.330322 0.576271 0.330811 0.575212 0.330322 0.574153 0.329834 0.574153 0.329590 0.576271 0.328857 0.575212 0.328857 0.572034 0.328369 0.571504 0.328369 0.569915 0.328857 0.569386 0.328857 0.562500 0.328125 0.562500 0.327881 0.565678 0.325684 0.565678 0.325439 0.564619 0.324463 0.564089 0.323975 0.559322
2 0.331055 0.552436 0.331055 0.559852 0.330811 0.560381 0.330566 0.560381 0.330566 0.560911 0.330811 0.560911 0.331055 0.561441 0.331055 0.561970 0.330811 0.562500 0.330566 0.562500 0.330566 0.565148 0.330811 0.565148 0.331055 0.565678 0.331055 0.566208 0.330811 0.566737 0.330566 0.566737 0.330566 0.567267 0.330811 0.567267 0.331055 0.566737 0.331299 0.566737 0.331543 0.567267 0.331543 0.567797 0.332275 0.569386 0.332520 0.569386 0.333008 0.570445 0.333496 0.570445 0.333496 0.569915 0.333740 0.569386 0.333984 0.569386 0.333984 0.568326 0.334229 0.567797 0.334473 0.568326 0.334473 0.568856 0.334473 0.568326 0.333984 0.567267 0.333984 0.566737 0.333496 0.565678 0.333496 0.565148 0.332520 0.563030 0.332520 0.562500 0.332275 0.561970 0.332275 0.559852 0.332031 0.559322 0.332031 0.557733 0.331543 0.556674 0.331543 0.554025 0.331543 0.555085 0.331299 0.555614 0.331055 0.555085
2 0.324219 0.547669 0.324219 0.554025 0.324463 0.554555 0.324951 0.554555 0.325195 0.555085 0.325195 0.555614 0.325928 0.555614 0.326172 0.556144 0.326172 0.556674 0.326904 0.556674 0.327148 0.557203 0.327148 0.558792 0.326904 0.559322 0.326660 0.559322 0.325928 0.557733 0.325439 0.557733 0.325684 0.558263 0.325684 0.558792 0.325928 0.558792 0.326172 0.559322 0.326172 0.560911 0.326416 0.560911 0.326660 0.561441 0.326904 0.561441 0.327148 0.560911 0.328857 0.560911 0.329102 0.560381 0.329346 0.560911 0.329834 0.560911 0.329834 0.559322 0.330322 0.558263 0.330566 0.558792 0.330566 0.559322 0.330566 0.551377 0.330566 0.551907 0.330322 0.552436 0.330078 0.551907 0.330078 0.549788 0.329834 0.549258 0.329834 0.548729 0.329590 0.548199 0.329590 0.547669 0.329590 0.550318 0.329346 0.550847 0.328613 0.550847 0.328369 0.550318 0.328369 0.548199 0.328125 0.547669 0.327637 0.547669 0.327637 0.548199 0.327393 0.548729 0.326660 0.548729 0.326660 0.549258 0.326416 0.549788 0.325684 0.549788 0.325439 0.549258 0.325439 0.548729 0.324707 0.548729 0.324463 0.548199 0.324463 0.547669
2 0.289062 0.540254 0.289062 0.541843 0.289307 0.541843 0.289551 0.542373 0.289551 0.542903 0.289795 0.542903 0.290039 0.543432 0.290039 0.543962 0.290283 0.543962 0.290527 0.544492 0.290527 0.545021 0.290771 0.545021 0.290771 0.543962 0.291260 0.542903 0.291260 0.542373 0.291504 0.541843 0.292236 0.541843 0.292480 0.542373 0.292480 0.542903 0.292725 0.542903 0.292969 0.543432 0.292969 0.545021 0.292725 0.545551 0.291992 0.545551 0.291992 0.547140 0.292480 0.548199 0.292480 0.548729 0.292725 0.548729 0.292725 0.548199 0.292969 0.547669 0.292969 0.546610 0.293213 0.546081 0.293701 0.546081 0.293701 0.545551 0.293945 0.545021 0.294189 0.545021 0.294189 0.542373 0.292969 0.542373 0.292725 0.541843 0.292725 0.540254
2 0.278320 0.511653 0.278320 0.512182 0.278076 0.512712 0.277832 0.512712 0.277832 0.515360 0.278076 0.515360 0.278320 0.515890 0.278320 0.516419 0.278076 0.516949 0.277832 0.516949 0.277832 0.518538 0.280029 0.518538 0.280029 0.512712 0.279297 0.512712 0.279053 0.512182 0.279053 0.511653
2 0.282227 0.501059 0.282715 0.505826 0.284180 0.508475 0.285400 0.507415 0.286621 0.510064 0.288574 0.510064 0.288818 0.508475 0.289307 0.510593 0.293945 0.516419 0.294434 0.519068 0.292969 0.523835 0.291992 0.524364 0.287842 0.518008 0.288818 0.516949 0.286865 0.517479 0.285156 0.514831 0.281250 0.516949 0.281738 0.519597 0.282471 0.519597 0.283203 0.516419 0.284912 0.516419 0.286133 0.519068 0.284912 0.523305 0.282227 0.522246 0.281250 0.523835 0.281494 0.525424 0.279785 0.525953 0.282471 0.529131 0.283936 0.532839 0.284912 0.525424 0.285889 0.524894 0.286133 0.530191 0.284668 0.534428 0.287354 0.539725 0.288330 0.539725 0.290771 0.533369 0.291016 0.536547 0.292969 0.538665 0.293701 0.533898 0.292969 0.533898 0.292725 0.538136 0.291748 0.537606 0.292236 0.533898 0.290771 0.529661 0.289062 0.530720 0.287842 0.536017 0.284912 0.533898 0.287842 0.533369 0.288330 0.528602 0.289062 0.527013 0.289795 0.528072 0.289062 0.523835 0.291748 0.524894 0.291992 0.527542 0.293945 0.530191 0.295166 0.529131 0.296875 0.531780 0.295410 0.532839 0.295898 0.533898 0.295410 0.541843 0.297607 0.541843 0.298828 0.544492 0.298828 0.542373 0.297852 0.542373 0.297607 0.540254 0.299072 0.537606 0.299805 0.539725 0.301270 0.539195 0.302734 0.540784 0.301270 0.542373 0.302002 0.545021 0.303955 0.539725 0.303955 0.537606 0.303223 0.537076 0.302246 0.539195 0.298096 0.534958 0.296875 0.536017 0.296631 0.533369 0.297363 0.533369 0.298340 0.530191 0.299072 0.530191 0.299805 0.533369 0.302002 0.532839 0.300537 0.529131 0.302002 0.525953 0.301514 0.524364 0.303711 0.520127 0.302002 0.512712 0.302490 0.509004 0.298340 0.503178 0.293701 0.502119 0.290283 0.496822 0.289307 0.500000 0.288574 0.496822 0.287354 0.497881 0.286133 0.496822 0.285889 0.502119
2 0.263672 0.471398 0.265381 0.476695 0.265625 0.474047 0.266602 0.474576 0.266602 0.480403 0.267090 0.481462 0.268066 0.479343 0.269287 0.479343 0.269775 0.481992 0.269043 0.484110 0.268799 0.483051 0.265625 0.483051 0.265869 0.477754 0.265137 0.477754 0.264648 0.479873 0.264160 0.476695 0.264648 0.483581 0.263184 0.483051 0.263184 0.486758 0.265381 0.484640 0.265625 0.486758 0.266357 0.486758 0.266357 0.488347 0.266602 0.483581 0.269043 0.484110 0.269531 0.487818 0.268066 0.490466 0.269531 0.493114 0.269775 0.496292 0.269043 0.497352 0.270264 0.497352 0.269775 0.495763 0.271240 0.495233 0.271240 0.492585 0.271729 0.492055 0.272461 0.497352 0.271484 0.498411 0.273438 0.500000 0.273193 0.505297 0.272217 0.502119 0.270508 0.502119 0.270020 0.503178 0.272461 0.508475 0.271484 0.512182 0.272461 0.514301 0.272461 0.511123 0.276123 0.512182 0.276367 0.516419 0.277100 0.516419 0.277100 0.512712 0.276367 0.512712 0.276123 0.510593 0.275146 0.510064 0.275146 0.508475 0.273438 0.508475 0.273193 0.506356 0.274658 0.506886 0.274170 0.504237 0.275146 0.503708 0.275635 0.504767 0.275146 0.502119 0.275879 0.500530 0.277100 0.501589 0.276855 0.499470 0.278076 0.499470 0.278320 0.501589 0.280762 0.505826 0.281006 0.502119 0.280029 0.500000 0.281250 0.500000 0.281250 0.498941 0.281738 0.500000 0.281982 0.498941 0.282227 0.500000 0.283447 0.499470 0.283936 0.496822 0.281250 0.498941 0.280762 0.495763 0.277344 0.495233 0.276855 0.495763 0.277344 0.497352 0.276367 0.497881 0.275635 0.501059 0.273926 0.498941 0.275146 0.497881 0.274170 0.496292 0.274658 0.495233 0.274170 0.491525 0.275635 0.490996 0.275146 0.488347 0.274414 0.488347 0.274170 0.491525 0.273682 0.490466 0.273193 0.492055 0.271973 0.492585 0.269287 0.483581 0.270264 0.481462 0.269775 0.480403 0.270264 0.477754 0.269531 0.478814 0.269287 0.476695 0.267578 0.476695 0.266846 0.475106 0.267334 0.473517 0.267578 0.474576 0.268311 0.474047 0.268311 0.472458 0.267822 0.473517 0.266602 0.472458 0.265381 0.474047
2 0.243652 0.477754 0.243652 0.483581 0.242676 0.486229 0.242676 0.487818 0.243164 0.486229 0.244629 0.487818 0.243652 0.489936 0.244629 0.490996 0.243652 0.491525 0.243652 0.493114 0.244385 0.494703 0.247803 0.498411 0.249756 0.498411 0.250000 0.496292 0.250488 0.497352 0.252197 0.497352 0.252686 0.496292 0.252686 0.492585 0.252197 0.492055 0.252441 0.490996 0.255127 0.490996 0.255371 0.493114 0.256104 0.493114 0.256348 0.494174 0.257568 0.494174 0.257568 0.491525 0.258057 0.490996 0.258301 0.495233 0.259277 0.497352 0.260986 0.498411 0.261719 0.496292 0.262207 0.496822 0.262207 0.498411 0.261475 0.500000 0.260498 0.500530 0.260254 0.499470 0.260254 0.501589 0.261719 0.502119 0.261475 0.503178 0.260742 0.503178 0.260498 0.504237 0.260254 0.503708 0.260254 0.504767 0.260986 0.504767 0.261475 0.505826 0.261963 0.504767 0.263184 0.507945 0.262695 0.505297 0.263916 0.503708 0.263916 0.502119 0.263184 0.502119 0.261963 0.499470 0.262451 0.498411 0.262451 0.496822 0.261963 0.496292 0.262451 0.495233 0.262451 0.492585 0.261475 0.490466 0.261475 0.486229 0.262451 0.485699 0.262451 0.483051 0.261963 0.483051 0.261475 0.480932 0.262451 0.480403 0.262451 0.476695 0.262939 0.476165 0.262939 0.471398 0.261963 0.470869 0.262451 0.469280 0.260742 0.469280 0.260742 0.468220 0.259521 0.468220 0.258545 0.466631 0.258789 0.465572 0.258057 0.465572 0.257812 0.463983 0.257812 0.466631 0.255371 0.469280 0.255859 0.470869 0.256592 0.470869 0.256836 0.471928 0.257812 0.471928 0.258057 0.470339 0.258789 0.469280 0.259277 0.470339 0.258545 0.473517 0.257812 0.474576 0.257324 0.473517 0.257080 0.474576 0.256348 0.474576 0.257324 0.476165 0.257080 0.476695 0.250000 0.476695 0.249756 0.477754 0.247559 0.477754 0.247314 0.476695 0.246094 0.475636 0.245850 0.476695 0.245117 0.476165
2 0.243652 0.459746 0.243652 0.464513 0.243408 0.465042 0.242676 0.465042 0.242676 0.465572 0.242432 0.466102 0.242188 0.466102 0.242188 0.466631 0.242432 0.467161 0.242432 0.467691 0.242676 0.468220 0.242920 0.468220 0.243164 0.468750 0.243164 0.470869 0.243408 0.470869 0.243652 0.471398 0.243652 0.471928 0.244873 0.471928 0.244873 0.471398 0.245117 0.470869 0.245605 0.470869 0.246094 0.469809 0.246826 0.469809 0.247070 0.470339 0.247070 0.470869 0.248047 0.470869 0.248291 0.470339 0.249023 0.470339 0.249023 0.469809 0.248779 0.469809 0.248535 0.469280 0.248047 0.469280 0.247803 0.468750 0.247803 0.468220 0.246582 0.468220 0.246338 0.467691 0.246338 0.467161 0.246094 0.467161 0.246094 0.468750 0.245850 0.469280 0.245605 0.469280 0.245361 0.468750 0.245361 0.468220 0.245117 0.468220 0.245117 0.468750 0.244873 0.469280 0.244629 0.469280 0.244385 0.468750 0.244385 0.467161 0.244141 0.467161 0.244141 0.468750 0.243896 0.469280 0.243652 0.469280 0.243408 0.468750 0.243408 0.466102 0.243652 0.465572 0.244629 0.465572 0.244385 0.465042 0.244629 0.464513 0.244873 0.464513 0.244873 0.463983 0.245117 0.463453 0.245361 0.463453 0.245361 0.462924 0.245850 0.461864 0.245850 0.458686 0.245117 0.458686 0.245117 0.459216 0.244873 0.459746
2 0.224609 0.451271 0.224609 0.452331 0.224854 0.452860 0.224854 0.453390 0.225586 0.454449 0.225342 0.454979 0.224854 0.454979 0.226074 0.457627 0.226074 0.458157 0.226318 0.458686 0.226807 0.457097 0.227295 0.457097 0.227539 0.457627 0.227539 0.460275 0.227295 0.460805 0.227051 0.460275 0.227295 0.460805 0.228027 0.461335 0.228516 0.462394 0.228760 0.462394 0.229492 0.463983 0.229736 0.463983 0.230225 0.465042 0.230225 0.464513 0.230469 0.463983 0.230957 0.463983 0.231445 0.465572 0.231445 0.467161 0.232422 0.469280 0.232666 0.468750 0.232666 0.468220 0.232422 0.467691 0.232422 0.467161 0.232666 0.466631 0.232666 0.465042 0.232910 0.464513 0.233154 0.464513 0.233154 0.460805 0.232910 0.460805 0.232666 0.460275 0.232666 0.458686 0.232422 0.458686 0.232178 0.458157 0.232178 0.457627 0.230469 0.457627 0.230225 0.457097 0.230225 0.455508 0.229492 0.455508 0.229248 0.454979 0.229004 0.454979 0.228760 0.455508 0.228271 0.455508 0.228027 0.456038 0.227295 0.454979 0.227295 0.454449 0.227539 0.453919 0.228271 0.453390 0.229004 0.451801 0.229736 0.452331 0.229736 0.450742 0.229492 0.450212 0.229004 0.450212 0.229004 0.451801 0.228760 0.452331 0.228516 0.452331 0.228271 0.451801 0.228271 0.451271 0.228027 0.451271 0.227783 0.450742 0.227783 0.450212 0.227539 0.450212 0.227295 0.449682 0.227295 0.449153 0.226562 0.449153 0.226562 0.450742 0.226318 0.451271
2 0.243408 0.444915 0.243164 0.444915 0.243164 0.448623 0.244873 0.448623 0.245117 0.449153 0.245117 0.449682 0.244873 0.450212 0.244629 0.450212 0.244629 0.450742 0.244385 0.451271 0.243408 0.451271 0.243164 0.450742 0.242432 0.450212 0.242188 0.450742 0.242188 0.452860 0.242188 0.452331 0.242432 0.451801 0.243896 0.451801 0.244141 0.452331 0.244141 0.452860 0.245850 0.452860 0.246094 0.453390 0.246094 0.454979 0.245850 0.455508 0.244141 0.455508 0.244141 0.456038 0.243896 0.456568 0.242188 0.456568 0.241943 0.456038 0.241943 0.454449 0.240723 0.454449 0.240479 0.453919 0.240479 0.453390 0.240234 0.453390 0.239990 0.452860 0.239990 0.452331 0.239502 0.452331 0.239502 0.452860 0.239746 0.453390 0.239746 0.454979 0.240723 0.454979 0.241211 0.456038 0.241211 0.457627 0.240967 0.458157 0.240723 0.457627 0.240723 0.457097 0.240723 0.457627 0.240479 0.458157 0.240234 0.457627 0.240234 0.459216 0.240479 0.459216 0.240723 0.459746 0.240723 0.460275 0.240967 0.460275 0.241211 0.460805 0.241211 0.461335 0.241943 0.461335 0.241943 0.459746 0.242432 0.458157 0.242920 0.458157 0.243164 0.458686 0.243896 0.458686 0.243896 0.457627 0.244141 0.457097 0.245850 0.457097 0.246094 0.457627 0.245850 0.457097 0.245850 0.455508 0.246094 0.454979 0.247314 0.454979 0.247314 0.454449 0.247070 0.454449 0.246826 0.453919 0.246826 0.453390 0.247070 0.452860 0.247314 0.452860 0.247314 0.452331 0.246582 0.452331 0.246338 0.451801 0.246338 0.451271 0.245850 0.450212 0.245850 0.449682 0.245605 0.449153 0.245117 0.449153 0.244873 0.448623 0.244873 0.448093 0.244629 0.448093 0.243896 0.446504 0.243896 0.445975 0.243652 0.445975 0.243408 0.445445
2 0.224854 0.440148 0.224365 0.440148 0.224121 0.440678 0.223877 0.440678 0.224121 0.441208 0.224121 0.442797 0.223877 0.443326 0.223389 0.443326 0.222656 0.441737 0.222656 0.442267 0.222900 0.442267 0.223145 0.442797 0.223145 0.444386 0.222900 0.444915 0.222656 0.444915 0.222656 0.447034 0.222412 0.447564 0.221191 0.447564 0.221680 0.448623 0.221680 0.449153 0.222412 0.450742 0.222412 0.449153 0.222900 0.448093 0.223145 0.448623 0.225342 0.448623 0.225342 0.448093 0.225098 0.448093 0.224365 0.446504 0.224365 0.445445 0.224609 0.444915 0.224854 0.444915 0.224854 0.443856 0.225098 0.443326 0.225342 0.443326 0.225342 0.441737 0.225586 0.441208 0.225342 0.441208
2 0.199219 0.391949 0.199219 0.394068 0.199463 0.394597 0.199219 0.395127 0.199463 0.395657 0.199463 0.395127 0.199707 0.394597 0.199951 0.394597 0.200195 0.395127 0.200195 0.395657 0.200439 0.395657 0.200684 0.396186 0.200684 0.396716 0.200439 0.397246 0.200195 0.397246 0.200439 0.397775 0.200684 0.397246 0.201172 0.398305 0.201172 0.398835 0.201416 0.398835 0.201660 0.399364 0.201660 0.400953 0.201904 0.400953 0.202148 0.401483 0.202148 0.402013 0.202393 0.402013 0.202637 0.402542 0.202637 0.403072 0.202881 0.403072 0.202881 0.401483 0.203125 0.400953 0.203857 0.400953 0.203857 0.400424 0.204102 0.399894 0.204346 0.399894 0.204590 0.400424 0.204590 0.400953 0.205811 0.400953 0.205811 0.400424 0.205322 0.399364 0.205322 0.398835 0.204590 0.398835 0.204346 0.398305 0.203613 0.398305 0.203369 0.398835 0.203125 0.398305 0.203125 0.400953 0.202881 0.401483 0.202637 0.401483 0.202393 0.400953 0.202393 0.400424 0.202148 0.400424 0.201904 0.399894 0.201904 0.399364 0.201660 0.399364 0.201416 0.398835 0.201416 0.398305 0.201660 0.397775 0.201904 0.397775 0.201904 0.396186 0.201660 0.396186 0.201416 0.395657 0.201416 0.394068 0.201172 0.394068 0.200928 0.393538 0.200928 0.393008 0.200195 0.393008 0.199951 0.392479 0.199951 0.391949
2 0.203125 0.375000 0.203369 0.375000 0.203613 0.375530 0.206299 0.375530 0.206299 0.375000 0.205566 0.375000 0.205322 0.374470 0.205322 0.373941 0.205078 0.373941 0.204834 0.373411 0.204834 0.372881 0.205078 0.372352 0.206787 0.372352 0.207031 0.372881 0.207031 0.372352 0.207275 0.371822 0.207031 0.371822 0.206787 0.371292 0.206787 0.370763 0.206055 0.370763 0.206055 0.371292 0.205811 0.371822 0.205566 0.371822 0.205322 0.371292 0.205322 0.369703 0.205078 0.369703 0.205078 0.370233 0.204834 0.370763 0.203613 0.370763 0.203369 0.370233 0.203369 0.369703 0.203125 0.369703 0.203125 0.370763 0.203613 0.371822 0.203613 0.372352 0.203369 0.372881 0.203125 0.372881
2 0.175781 0.359110 0.175781 0.359640 0.177002 0.359640 0.177246 0.360169 0.177246 0.360699 0.177490 0.360699 0.177734 0.361229 0.177734 0.363877 0.177979 0.363877 0.178223 0.364407 0.178223 0.364936 0.178955 0.364936 0.179199 0.365466 0.179199 0.365996 0.179443 0.365466 0.179443 0.364407 0.179932 0.363347 0.180176 0.363877 0.180908 0.363877 0.180908 0.363347 0.180664 0.363347 0.180420 0.362818 0.180420 0.362288 0.178711 0.362288 0.178467 0.361758 0.178467 0.361229 0.178223 0.361229 0.177979 0.360699 0.177979 0.359110 0.177734 0.359110 0.177490 0.358581 0.177490 0.358051 0.176270 0.358051 0.176270 0.358581 0.176025 0.359110
2 0.196289 0.341102 0.196777 0.347987 0.196045 0.349576 0.193359 0.349576 0.192383 0.351695 0.192383 0.355403 0.193848 0.355403 0.196777 0.361758 0.195312 0.362288 0.193604 0.356992 0.191406 0.359110 0.191162 0.353814 0.189453 0.354873 0.189941 0.363877 0.191162 0.365466 0.192139 0.363877 0.191895 0.369174 0.192871 0.371292 0.194092 0.371292 0.194336 0.369174 0.195312 0.372881 0.196533 0.372881 0.196777 0.374470 0.195312 0.375530 0.196533 0.375530 0.197754 0.378178 0.198242 0.384004 0.198975 0.385064 0.199463 0.380826 0.199707 0.384004 0.201172 0.386653 0.200684 0.388771 0.202393 0.389301 0.203125 0.393538 0.205078 0.395127 0.205078 0.397775 0.207031 0.398305 0.207031 0.403072 0.205566 0.403602 0.206055 0.405720 0.203125 0.407839 0.207031 0.409428 0.209717 0.408369 0.209473 0.414725 0.211670 0.414725 0.211914 0.418962 0.213623 0.417903 0.215820 0.421610 0.215576 0.423729 0.214355 0.422669 0.213379 0.425318 0.213867 0.426377 0.214111 0.424258 0.216797 0.427436 0.218506 0.425318 0.218750 0.427966 0.219482 0.423729 0.217041 0.424258 0.218018 0.423199 0.218018 0.419492 0.217041 0.417903 0.217529 0.416314 0.216797 0.415254 0.216797 0.417373 0.215820 0.415254 0.214844 0.416843 0.212158 0.411547 0.212158 0.407839 0.213379 0.406780 0.212402 0.406780 0.212158 0.404661 0.210693 0.403072 0.210938 0.398305 0.209961 0.397775 0.210693 0.396186 0.210693 0.387712 0.210205 0.391949 0.209229 0.390360 0.210449 0.394068 0.209961 0.397775 0.208740 0.398305 0.207275 0.393538 0.208252 0.391419 0.208252 0.389831 0.207275 0.389301 0.207764 0.386653 0.205811 0.383475 0.206787 0.378178 0.202148 0.378178 0.201416 0.375000 0.198730 0.376059 0.197510 0.374470 0.197998 0.368114 0.196777 0.364407 0.197510 0.363877 0.197266 0.361758 0.198486 0.363347 0.196533 0.360699 0.196533 0.355932 0.198486 0.352225 0.197998 0.347987 0.199707 0.347987 0.199219 0.355403 0.200439 0.355403 0.201660 0.358581 0.202637 0.358051 0.203125 0.360699 0.204590 0.355403 0.204346 0.352754 0.202148 0.347987 0.200684 0.347458 0.200195 0.345339 0.199463 0.347458 0.198975 0.345339 0.197754 0.345869 0.197754 0.343220 0.196777 0.343220
2 0.191406 0.333686 0.191406 0.336335 0.191650 0.336335 0.191895 0.336864 0.191895 0.337394 0.192139 0.337394 0.192383 0.337924 0.192383 0.338453 0.193604 0.338453 0.193604 0.336864 0.193848 0.336335 0.194092 0.336335 0.194092 0.334746 0.193848 0.334746 0.193604 0.334216 0.193604 0.333686 0.193359 0.333686 0.193115 0.333157 0.193115 0.332627 0.192383 0.332627 0.192383 0.333157 0.192139 0.333686
2 0.173340 0.326271 0.173340 0.327860 0.174072 0.327860 0.174316 0.328390 0.174316 0.328919 0.174805 0.328919 0.175049 0.329449 0.174805 0.329979 0.175049 0.330508 0.175049 0.331038 0.175537 0.331038 0.175781 0.331568 0.175781 0.335275 0.177490 0.335275 0.177734 0.335805 0.177734 0.337394 0.177979 0.337394 0.177979 0.336864 0.178223 0.336335 0.178467 0.336335 0.178711 0.336864 0.178711 0.339513 0.178955 0.339513 0.179199 0.340042 0.179199 0.340572 0.179443 0.340572 0.179688 0.341102 0.179688 0.341631 0.179932 0.341631 0.179932 0.341102 0.180176 0.340572 0.181885 0.340572 0.181885 0.340042 0.182129 0.339513 0.183350 0.339513 0.183350 0.338983 0.183594 0.338453 0.185303 0.338453 0.185791 0.337394 0.185791 0.336864 0.185303 0.335805 0.185059 0.335805 0.184570 0.336864 0.183594 0.336864 0.183350 0.336335 0.183350 0.335805 0.183594 0.335275 0.183350 0.333686 0.182617 0.333686 0.182373 0.333157 0.182373 0.332627 0.181152 0.332627 0.180908 0.332097 0.180908 0.331568 0.180664 0.331568 0.180664 0.332097 0.180420 0.332627 0.179688 0.332627 0.179443 0.332097 0.179443 0.330508 0.178711 0.330508 0.178467 0.329979 0.178467 0.329449 0.178711 0.328919 0.178955 0.328919 0.178955 0.328390 0.177734 0.328390 0.177490 0.327860 0.177490 0.327331 0.177246 0.327331 0.177490 0.327860 0.177246 0.328390 0.175781 0.328390 0.175537 0.327860 0.175537 0.326271 0.175781 0.325742 0.177490 0.325742 0.177246 0.325742 0.177002 0.325212 0.176025 0.325212 0.175537 0.324153 0.175293 0.324153 0.175293 0.324682 0.175049 0.325212 0.173828 0.325212 0.173828 0.325742 0.173584 0.326271
2 0.180908 0.316737 0.180908 0.317267 0.181396 0.318856 0.182617 0.318856 0.182861 0.319386 0.183105 0.319386 0.183594 0.320445 0.183594 0.320975 0.183838 0.320975 0.184082 0.321504 0.184570 0.321504 0.185303 0.323093 0.185059 0.323623 0.185303 0.324153 0.185303 0.326271 0.185547 0.326271 0.185791 0.326801 0.185547 0.327331 0.185303 0.327331 0.185547 0.327860 0.185303 0.328390 0.184814 0.328390 0.184326 0.327331 0.183838 0.327331 0.183594 0.326801 0.182617 0.326801 0.182373 0.326271 0.182129 0.326271 0.181152 0.324153 0.181152 0.323623 0.180908 0.323093 0.181152 0.322564 0.181396 0.322564 0.181396 0.322034 0.180664 0.322034 0.180420 0.321504 0.180420 0.318856 0.179932 0.318856 0.179688 0.318326 0.179688 0.324682 0.179443 0.325212 0.178711 0.325212 0.178467 0.324682 0.178467 0.324153 0.177246 0.324153 0.177490 0.324153 0.177979 0.325212 0.177979 0.325742 0.178223 0.325212 0.179199 0.325212 0.179932 0.326271 0.179932 0.325212 0.180176 0.324682 0.180420 0.324682 0.180664 0.325212 0.180664 0.325742 0.180908 0.325742 0.181152 0.326271 0.181152 0.326801 0.180908 0.327331 0.182129 0.328390 0.182861 0.329979 0.183350 0.329979 0.183594 0.330508 0.183594 0.332097 0.183838 0.332097 0.184082 0.332627 0.184082 0.333157 0.184326 0.333157 0.184326 0.332627 0.184570 0.332097 0.184814 0.332097 0.184814 0.331568 0.185059 0.331038 0.185303 0.331038 0.185303 0.329449 0.185547 0.328919 0.185791 0.328919 0.185791 0.328390 0.186035 0.327860 0.186279 0.327860 0.186279 0.326271 0.185547 0.324682 0.185791 0.324153 0.186279 0.324153 0.185547 0.324153 0.185303 0.323623 0.185303 0.322034 0.185059 0.322034 0.184814 0.321504 0.184814 0.320975 0.184570 0.320975 0.184326 0.320445 0.184326 0.319386 0.184082 0.318856 0.184326 0.318326 0.184082 0.318856 0.183594 0.317797 0.183350 0.317797 0.183105 0.317267 0.182617 0.317267 0.182373 0.316737
2 0.166992 0.315678 0.166992 0.320975 0.166260 0.322564 0.166016 0.321504 0.165771 0.322564 0.165527 0.321504 0.165283 0.322034 0.164307 0.322034 0.164307 0.322564 0.164551 0.322034 0.165527 0.322034 0.165771 0.322564 0.165283 0.323623 0.164307 0.323623 0.163818 0.325212 0.163086 0.324153 0.162598 0.325212 0.162598 0.326801 0.164062 0.328919 0.164062 0.331038 0.165527 0.334216 0.166504 0.334746 0.166504 0.336335 0.166992 0.336864 0.166992 0.338453 0.167236 0.338453 0.167236 0.336864 0.167725 0.336335 0.167969 0.334216 0.167725 0.332627 0.167236 0.332097 0.167236 0.330508 0.166748 0.331568 0.166260 0.331038 0.166260 0.328390 0.166504 0.327860 0.167725 0.327860 0.167969 0.326801 0.168701 0.326801 0.168945 0.327331 0.168945 0.329979 0.168457 0.331038 0.169922 0.333686 0.169922 0.335275 0.171387 0.337924 0.170410 0.338983 0.170410 0.341631 0.169922 0.342691 0.170898 0.344280 0.170898 0.346398 0.171387 0.348517 0.172119 0.347987 0.172363 0.349047 0.173096 0.349047 0.173340 0.351165 0.173828 0.352225 0.174561 0.352225 0.174561 0.348517 0.173584 0.347987 0.174072 0.346928 0.174072 0.345339 0.174561 0.344809 0.174561 0.340042 0.174072 0.338983 0.173340 0.338983 0.172607 0.337394 0.172607 0.335805 0.172119 0.335275 0.172607 0.333686 0.171875 0.333686 0.171875 0.337394 0.171387 0.337924 0.170654 0.336335 0.170654 0.334746 0.170166 0.334216 0.170166 0.332627 0.169678 0.332097 0.169678 0.328390 0.170898 0.327331 0.170654 0.326801 0.170654 0.324153 0.170166 0.323623 0.170166 0.322034 0.168457 0.322034 0.168213 0.323093 0.166992 0.323093 0.166504 0.322034 0.166748 0.321504 0.167725 0.321504 0.167725 0.318856 0.167969 0.318326 0.168457 0.319386 0.169434 0.318856 0.170410 0.320445 0.170898 0.319386 0.170654 0.316737 0.169678 0.316208 0.168945 0.317797 0.167969 0.317797
2 0.152100 0.277542 0.152344 0.278072 0.152344 0.279131 0.152588 0.279661 0.152588 0.280191 0.152344 0.280720 0.152344 0.286547 0.152588 0.286547 0.152832 0.287076 0.152832 0.287606 0.152588 0.288136 0.152344 0.288136 0.152588 0.288136 0.153320 0.289725 0.153564 0.289725 0.153809 0.290254 0.153809 0.290784 0.155029 0.290784 0.155273 0.291314 0.155273 0.291843 0.156006 0.291843 0.156006 0.291314 0.155273 0.291314 0.154541 0.289725 0.154541 0.289195 0.154297 0.289195 0.154053 0.288665 0.154053 0.284958 0.153809 0.284958 0.153564 0.284428 0.153564 0.283898 0.153320 0.283898 0.153076 0.283369 0.153076 0.279131 0.152832 0.278602 0.152832 0.278072 0.152588 0.278072 0.152344 0.277542
2 0.144531 0.264831 0.144531 0.265890 0.145020 0.266419 0.144531 0.266949 0.144531 0.269597 0.145264 0.269597 0.145508 0.270657 0.143555 0.271716 0.145020 0.273305 0.144531 0.276483 0.145508 0.278072 0.145020 0.278602 0.145508 0.279661 0.145508 0.287606 0.142578 0.288136 0.144287 0.288665 0.144531 0.289725 0.145264 0.289725 0.146484 0.292903 0.147217 0.292903 0.147217 0.291314 0.147705 0.290784 0.147705 0.288136 0.148193 0.287606 0.148438 0.290784 0.148926 0.291314 0.148438 0.292373 0.148926 0.293432 0.148926 0.295021 0.148193 0.296610 0.146973 0.297140 0.147461 0.298199 0.148193 0.298199 0.148438 0.299258 0.149658 0.299258 0.150879 0.301377 0.151855 0.299258 0.153076 0.299258 0.153320 0.300318 0.153320 0.297669 0.154541 0.298199 0.155762 0.302436 0.155273 0.302966 0.155029 0.301907 0.154297 0.301907 0.154297 0.304555 0.153076 0.305085 0.152832 0.306674 0.154053 0.306674 0.154297 0.304555 0.155273 0.308263 0.156006 0.308792 0.156250 0.305085 0.155518 0.304025 0.155762 0.302436 0.156738 0.304025 0.156982 0.306674 0.159912 0.306144 0.160156 0.307203 0.162842 0.305614 0.162842 0.302966 0.162109 0.302966 0.160889 0.300318 0.160889 0.297669 0.161377 0.296610 0.160156 0.296610 0.159912 0.297669 0.159424 0.296610 0.157715 0.296610 0.157471 0.294492 0.158447 0.293962 0.157959 0.292373 0.157471 0.294492 0.153076 0.295021 0.150879 0.294492 0.150635 0.293432 0.149170 0.292903 0.149170 0.290784 0.151123 0.290784 0.151367 0.291843 0.152100 0.291843 0.151611 0.290784 0.151855 0.288665 0.151123 0.288665 0.151123 0.279661 0.149902 0.279661 0.149658 0.277542 0.148438 0.277542 0.148193 0.276483 0.147217 0.275953 0.147217 0.274364 0.146729 0.273835 0.146729 0.272246 0.147217 0.271716 0.146973 0.270657 0.145264 0.268538 0.145264 0.265890
2 0.122070 0.256356 0.122070 0.259004 0.122314 0.259004 0.122559 0.259534 0.122559 0.260064 0.122803 0.260064 0.123047 0.260593 0.123047 0.262182 0.122803 0.262712 0.122559 0.262712 0.122803 0.263242 0.122803 0.262712 0.123047 0.262182 0.123779 0.262182 0.124023 0.262712 0.124023 0.263242 0.124268 0.263242 0.124512 0.263771 0.124512 0.264301 0.124756 0.264301 0.125000 0.264831 0.125000 0.266949 0.125732 0.268538 0.126221 0.268538 0.126465 0.268008 0.126953 0.269597 0.127197 0.269597 0.127441 0.269068 0.127686 0.269597 0.127686 0.270127 0.127930 0.269597 0.128418 0.269597 0.128662 0.270127 0.128662 0.270657 0.129395 0.271186 0.131104 0.274894 0.132324 0.274894 0.132324 0.274364 0.131348 0.274364 0.131104 0.273835 0.131104 0.273305 0.130859 0.273305 0.130615 0.272775 0.130615 0.271186 0.129883 0.271186 0.129639 0.270657 0.129639 0.270127 0.129883 0.269597 0.130127 0.269597 0.130127 0.268008 0.129883 0.268008 0.129639 0.267479 0.129639 0.266949 0.129883 0.266419 0.130127 0.266419 0.130127 0.265890 0.129883 0.265890 0.129639 0.265360 0.129639 0.264831 0.129395 0.264831 0.129150 0.264301 0.129150 0.263771 0.128906 0.263771 0.128662 0.263242 0.128662 0.262712 0.128906 0.262182 0.128662 0.259534 0.127441 0.259534 0.127441 0.260064 0.127197 0.260593 0.126465 0.260593 0.126465 0.262182 0.126221 0.262712 0.125000 0.262712 0.124756 0.262182 0.124756 0.258475 0.125000 0.257945 0.126709 0.257945 0.126709 0.257415 0.125977 0.257415 0.125732 0.256886 0.125732 0.255297 0.125977 0.254767 0.126709 0.254767 0.126709 0.254237 0.125244 0.254237 0.125000 0.254767 0.125000 0.255297 0.125244 0.255826 0.125000 0.256356 0.124023 0.256356 0.123779 0.255826 0.123779 0.255297 0.123535 0.255297 0.123291 0.254767 0.122559 0.255297 0.122559 0.255826 0.122314 0.256356
2 0.143311 0.251059 0.142578 0.251059 0.142578 0.253708 0.142334 0.254237 0.141602 0.254237 0.141602 0.255826 0.141846 0.255826 0.142090 0.256356 0.142090 0.260064 0.141846 0.260593 0.141602 0.260593 0.141602 0.265360 0.142334 0.265360 0.142334 0.264831 0.143311 0.262712 0.143555 0.262712 0.143799 0.262182 0.144043 0.262182 0.144287 0.261653 0.144043 0.261653 0.143799 0.261123 0.143799 0.259534 0.143555 0.259534 0.143311 0.259004 0.143311 0.256356 0.143066 0.256356 0.142822 0.255826 0.142822 0.255297 0.143066 0.254767 0.143799 0.254767 0.143799 0.254237 0.143555 0.254237 0.143311 0.253708
2 0.146484 0.246822 0.146484 0.247352 0.146240 0.247881 0.145996 0.247881 0.145996 0.248411 0.145752 0.248941 0.145508 0.248941 0.145508 0.249470 0.145752 0.249470 0.145996 0.250000 0.145996 0.253708 0.146484 0.253708 0.146240 0.253178 0.146484 0.252648 0.148193 0.252648 0.148438 0.253178 0.148438 0.253708 0.148193 0.254237 0.147461 0.254237 0.147217 0.253708 0.146973 0.253708 0.146973 0.254237 0.146729 0.254767 0.146484 0.254767 0.148193 0.254767 0.148193 0.254237 0.148438 0.253708 0.148682 0.253708 0.148682 0.253178 0.148438 0.253178 0.148193 0.252648 0.148193 0.247881 0.147461 0.247881 0.147217 0.247352 0.147217 0.246822
2 0.222656 0.200212 0.222656 0.202860 0.222900 0.202331 0.223145 0.202860 0.223877 0.202860 0.224121 0.203390 0.224121 0.204979 0.223877 0.205508 0.222656 0.205508 0.222656 0.208157 0.222656 0.207627 0.222900 0.207097 0.223145 0.207097 0.223389 0.207627 0.223389 0.208157 0.223633 0.208157 0.223877 0.208686 0.224121 0.208686 0.224365 0.209216 0.224854 0.209216 0.225098 0.208686 0.225098 0.207627 0.225342 0.207097 0.225586 0.207097 0.225830 0.206568 0.225830 0.205508 0.225342 0.205508 0.225098 0.204979 0.225342 0.204449 0.225098 0.204449 0.224854 0.203919 0.224854 0.203390 0.224121 0.203390 0.223877 0.202860 0.223877 0.202331 0.223633 0.202331 0.223389 0.201801 0.223389 0.200212
2 0.109863 0.198093 0.109863 0.199682 0.110840 0.200212 0.111328 0.203919 0.109375 0.207097 0.111328 0.209216 0.113037 0.209216 0.113281 0.215572 0.114990 0.215572 0.115234 0.219809 0.117188 0.220339 0.116943 0.223517 0.116455 0.222458 0.114746 0.222458 0.114258 0.223517 0.114258 0.227225 0.115479 0.227225 0.116699 0.223517 0.119141 0.229873 0.119629 0.233051 0.120850 0.234640 0.117188 0.235169 0.116211 0.237288 0.116211 0.239936 0.119873 0.243114 0.120605 0.246292 0.122314 0.245233 0.123535 0.248941 0.124023 0.253708 0.125000 0.251589 0.129150 0.251589 0.128662 0.250530 0.128906 0.248411 0.131104 0.248411 0.131348 0.251059 0.131836 0.249470 0.132568 0.249470 0.133301 0.253178 0.132080 0.252648 0.132080 0.253708 0.132812 0.254767 0.133301 0.253708 0.136475 0.254767 0.136475 0.256356 0.134277 0.256886 0.136963 0.260064 0.137939 0.255826 0.137451 0.251059 0.138916 0.247352 0.138428 0.245233 0.138916 0.243644 0.137939 0.241525 0.135742 0.242585 0.135010 0.240996 0.135010 0.236758 0.134521 0.235699 0.135010 0.234110 0.134521 0.233051 0.133545 0.234110 0.132080 0.233581 0.131104 0.227754 0.131836 0.225106 0.132568 0.225636 0.132568 0.222987 0.131348 0.220339 0.130371 0.220339 0.130371 0.221928 0.131592 0.222458 0.132080 0.224047 0.131348 0.226165 0.130859 0.224047 0.130859 0.226165 0.129883 0.226695 0.129883 0.222458 0.129395 0.223517 0.128662 0.220869 0.127197 0.222458 0.125000 0.220869 0.124756 0.219809 0.125732 0.217691 0.125732 0.213983 0.124756 0.213453 0.124756 0.208157 0.121338 0.204449 0.120850 0.207627 0.120117 0.207627 0.118896 0.204979 0.118896 0.203390 0.116211 0.203390 0.116211 0.204979 0.114990 0.207627 0.114014 0.205508 0.113281 0.205508 0.113037 0.198093 0.113525 0.197564 0.114990 0.199682 0.115479 0.198623 0.115479 0.194915 0.114990 0.193856 0.113281 0.194915 0.113281 0.196504 0.112061 0.198093
2 0.217529 0.193326 0.217285 0.193856 0.216553 0.193856 0.216064 0.194915 0.215576 0.194386 0.214844 0.194915 0.215088 0.195445 0.214355 0.196504 0.214355 0.197564 0.214111 0.198093 0.214355 0.199682 0.214600 0.199682 0.214844 0.200742 0.214600 0.201271 0.213867 0.201271 0.213867 0.201801 0.213379 0.202331 0.213379 0.202860 0.214111 0.202860 0.214355 0.203919 0.213867 0.204449 0.213867 0.204979 0.213379 0.205508 0.213135 0.206568 0.212891 0.206568 0.212891 0.208157 0.212402 0.208686 0.212402 0.209216 0.211914 0.209746 0.211670 0.210805 0.211426 0.210805 0.211426 0.212394 0.211182 0.212924 0.210693 0.210805 0.210693 0.207627 0.209961 0.207627 0.209717 0.208686 0.208008 0.208686 0.207764 0.209746 0.207031 0.209746 0.207031 0.211335 0.206543 0.211864 0.206543 0.212394 0.206787 0.212394 0.207031 0.213453 0.208252 0.213453 0.208496 0.212394 0.209229 0.212394 0.209473 0.213453 0.210449 0.213453 0.210693 0.213983 0.210938 0.213453 0.211182 0.214513 0.212158 0.213983 0.212402 0.213453 0.213135 0.213453 0.212891 0.212924 0.213867 0.211335 0.214355 0.211864 0.214355 0.212394 0.213867 0.212924 0.213867 0.213453 0.214600 0.213453 0.215088 0.212394 0.215332 0.212924 0.216064 0.211864 0.214844 0.211864 0.214600 0.211335 0.214600 0.209746 0.214844 0.209216 0.215576 0.209216 0.215820 0.210275 0.216553 0.210275 0.216553 0.208686 0.217041 0.208157 0.217285 0.207097 0.218018 0.207097 0.218018 0.206568 0.217773 0.206568 0.217529 0.205508 0.217041 0.204979 0.217041 0.203390 0.217285 0.202860 0.218262 0.202860 0.218506 0.202331 0.218506 0.200212 0.218994 0.199682 0.218994 0.199153 0.218750 0.199153 0.218506 0.200212 0.217285 0.200212 0.217041 0.199682 0.217041 0.198093 0.216309 0.198093 0.216064 0.197034 0.215332 0.197034 0.215088 0.196504 0.215332 0.195975 0.216553 0.195975 0.217041 0.196504 0.217041 0.195975 0.217529 0.194915
2 0.239502 0.184322 0.238770 0.184322 0.238525 0.183792 0.238525 0.183263 0.238037 0.182203 0.238281 0.181674 0.238525 0.181674 0.238281 0.181674 0.238037 0.182203 0.237549 0.182203 0.238037 0.182203 0.238281 0.182733 0.238037 0.183263 0.236816 0.183263 0.236816 0.183792 0.236572 0.184322 0.236328 0.184322 0.236328 0.184852 0.236084 0.185381 0.235352 0.185911 0.235352 0.186441 0.235107 0.186970 0.234863 0.186441 0.234863 0.185911 0.234619 0.185911 0.234375 0.186441 0.234375 0.188030 0.234131 0.188559 0.233887 0.188559 0.233643 0.188030 0.233643 0.187500 0.233398 0.187500 0.233154 0.186970 0.232422 0.186970 0.232178 0.187500 0.231934 0.187500 0.231934 0.189089 0.231689 0.189619 0.230469 0.189619 0.230225 0.189089 0.230225 0.186441 0.230469 0.185911 0.231201 0.185911 0.231445 0.185381 0.231445 0.183792 0.231201 0.183263 0.230957 0.183792 0.230469 0.183792 0.229736 0.184852 0.229248 0.184852 0.229004 0.185381 0.228760 0.185381 0.228516 0.185911 0.228271 0.185911 0.228027 0.186441 0.227295 0.186970 0.227295 0.188030 0.229248 0.188030 0.229492 0.188559 0.229492 0.189089 0.230225 0.189089 0.230469 0.189619 0.230469 0.190148 0.230713 0.190148 0.230957 0.190678 0.230957 0.191208 0.231201 0.191208 0.231445 0.191737 0.231445 0.192267 0.233154 0.192267 0.233154 0.191737 0.233398 0.191208 0.233643 0.191208 0.233643 0.190678 0.233887 0.190148 0.234131 0.190148 0.234375 0.190678 0.234375 0.191208 0.235596 0.191208 0.235596 0.188559 0.235840 0.188030 0.236084 0.188030 0.236084 0.186441 0.236572 0.185381 0.236816 0.185911 0.237549 0.185911 0.237549 0.185381 0.237793 0.184852 0.238525 0.185381 0.238770 0.184852 0.239502 0.184852
2 0.244385 0.181144 0.243652 0.181144 0.243408 0.180614 0.243408 0.180085 0.243164 0.180085 0.243164 0.180614 0.242920 0.181144 0.241699 0.181144 0.241455 0.180614 0.241455 0.180085 0.240723 0.180085 0.240723 0.180614 0.240479 0.181144 0.240234 0.181144 0.240234 0.183792 0.240479 0.183792 0.240723 0.184322 0.240723 0.184852 0.240967 0.184852 0.241211 0.185381 0.241211 0.185911 0.240967 0.186441 0.239746 0.186441 0.239746 0.186970 0.239014 0.188559 0.237305 0.188559 0.237305 0.189089 0.237061 0.189619 0.236816 0.189619 0.236816 0.192267 0.238037 0.192267 0.238281 0.192797 0.237793 0.193856 0.237793 0.194386 0.237549 0.194915 0.237305 0.194915 0.237305 0.195445 0.238525 0.195445 0.238770 0.195975 0.239014 0.195445 0.239502 0.195445 0.239746 0.194915 0.239746 0.194386 0.239258 0.193326 0.239258 0.192797 0.239502 0.192267 0.239258 0.191737 0.239746 0.190678 0.239746 0.189089 0.239502 0.188559 0.239746 0.188030 0.240234 0.188030 0.240723 0.186970 0.240967 0.186970 0.241211 0.186441 0.241699 0.188030 0.241699 0.189089 0.241455 0.189619 0.241211 0.189619 0.241211 0.190148 0.241455 0.190148 0.241699 0.190678 0.241699 0.191208 0.241943 0.191208 0.242432 0.190148 0.242920 0.190148 0.243164 0.190678 0.243408 0.190148 0.243164 0.189619 0.243164 0.189089 0.242920 0.188559 0.242432 0.188559 0.241699 0.186970 0.241699 0.186441 0.242188 0.184852 0.244385 0.184852
2 0.101074 0.179025 0.101074 0.181674 0.101318 0.181674 0.101562 0.182203 0.101562 0.182733 0.101807 0.182733 0.102051 0.183263 0.102051 0.183792 0.102783 0.183792 0.103027 0.184322 0.103027 0.185911 0.102783 0.186441 0.101562 0.186441 0.101562 0.189089 0.102783 0.189089 0.103027 0.189619 0.103027 0.190148 0.103760 0.190148 0.104004 0.190678 0.104004 0.191208 0.105713 0.191208 0.105957 0.191737 0.105957 0.192267 0.106689 0.192267 0.106934 0.192797 0.106934 0.193326 0.107178 0.193326 0.107422 0.193856 0.107422 0.194386 0.107666 0.194386 0.107666 0.193856 0.107910 0.193326 0.108154 0.193326 0.108154 0.189619 0.107910 0.189619 0.107666 0.189089 0.107666 0.187500 0.107666 0.188030 0.107422 0.188559 0.105469 0.188559 0.105225 0.188030 0.105225 0.186441 0.105469 0.185911 0.105713 0.185911 0.105713 0.185381 0.105957 0.184852 0.106201 0.184852 0.106201 0.184322 0.106445 0.183792 0.106689 0.183792 0.106689 0.183263 0.106934 0.182733 0.108154 0.182733 0.108154 0.182203 0.108398 0.181674 0.108643 0.181674 0.108887 0.182203 0.108887 0.182733 0.109131 0.182733 0.109131 0.182203 0.108887 0.182203 0.108643 0.181674 0.108643 0.181144 0.106689 0.181144 0.106445 0.180614 0.106201 0.181144 0.105469 0.181144 0.104980 0.180085 0.101562 0.180085
2 0.102783 0.173729 0.102539 0.173729 0.102295 0.173199 0.102295 0.171610 0.102051 0.171610 0.101807 0.171081 0.101562 0.171081 0.101318 0.171610 0.101074 0.171610 0.100830 0.171081 0.100830 0.170551 0.100586 0.170551 0.100586 0.172140 0.100342 0.172669 0.100098 0.172669 0.100098 0.173199 0.099854 0.173729 0.099121 0.173729 0.099121 0.174258 0.098877 0.174788 0.098633 0.174788 0.098389 0.174258 0.098389 0.172669 0.098145 0.172669 0.098145 0.173199 0.097900 0.173729 0.097656 0.173729 0.097412 0.173199 0.097412 0.171610 0.097168 0.171610 0.097168 0.173199 0.096924 0.173729 0.096680 0.173729 0.096680 0.174258 0.098389 0.174258 0.098633 0.174788 0.098633 0.177436 0.100830 0.177436 0.100830 0.176907 0.101074 0.176377 0.101807 0.176377 0.102051 0.176907 0.102051 0.177436 0.102295 0.177436 0.102295 0.176907 0.101807 0.175847 0.102051 0.175318 0.102295 0.175318 0.102295 0.174788 0.102539 0.174258 0.102783 0.174258
2 0.258545 0.167373 0.257568 0.167373 0.256836 0.168962 0.256836 0.170021 0.256592 0.170551 0.256348 0.170551 0.256348 0.171081 0.256104 0.171610 0.255371 0.171610 0.255371 0.172140 0.255127 0.172669 0.253906 0.172669 0.253662 0.173199 0.253418 0.172669 0.253174 0.173199 0.252930 0.173199 0.252686 0.173729 0.252441 0.173729 0.252441 0.175318 0.254639 0.175318 0.254883 0.175847 0.254883 0.176377 0.255127 0.176377 0.255371 0.176907 0.255371 0.178496 0.255127 0.179025 0.254883 0.179025 0.254883 0.179555 0.256592 0.179555 0.256592 0.179025 0.256348 0.179025 0.256104 0.178496 0.256104 0.177966 0.256348 0.177436 0.256592 0.177436 0.256592 0.176907 0.256836 0.176377 0.257080 0.176377 0.257080 0.174788 0.256836 0.174788 0.256592 0.174258 0.256592 0.172669 0.256836 0.172140 0.257080 0.172140 0.257080 0.171610 0.257324 0.171081 0.257568 0.171081 0.257568 0.170021 0.258057 0.168962 0.258545 0.168962
2 0.105469 0.165254 0.105469 0.168962 0.105225 0.169492 0.104492 0.169492 0.104492 0.170021 0.105225 0.170021 0.105469 0.170551 0.105469 0.171081 0.107178 0.171081 0.107422 0.171610 0.107422 0.172140 0.107666 0.172140 0.107666 0.171610 0.107910 0.171081 0.108643 0.171081 0.108643 0.170551 0.108887 0.170021 0.109131 0.170021 0.109375 0.170551 0.109375 0.175318 0.109131 0.175847 0.108887 0.175847 0.108887 0.176377 0.108643 0.176907 0.108398 0.176907 0.108643 0.177436 0.109131 0.177436 0.109375 0.177966 0.109375 0.180614 0.109619 0.180614 0.109863 0.181144 0.109863 0.181674 0.110596 0.181674 0.110596 0.177966 0.110352 0.177966 0.110107 0.177436 0.110107 0.169492 0.109375 0.169492 0.109131 0.168962 0.109131 0.166843 0.108887 0.166314 0.108887 0.166843 0.108643 0.167373 0.108398 0.167373 0.108398 0.168962 0.108154 0.169492 0.106445 0.169492 0.106201 0.168962 0.106201 0.166314 0.105957 0.166314 0.105713 0.165784 0.105713 0.165254
2 0.263428 0.168432 0.263184 0.168432 0.263184 0.168962 0.262939 0.169492 0.262695 0.169492 0.262207 0.168432 0.262207 0.167903 0.260742 0.167903 0.260498 0.167373 0.260498 0.166314 0.260254 0.165784 0.260498 0.165254 0.260742 0.165254 0.260742 0.164195 0.260498 0.164725 0.260254 0.164725 0.260254 0.166843 0.260010 0.167373 0.259766 0.167373 0.259766 0.168962 0.261230 0.168962 0.261719 0.170021 0.261475 0.170551 0.259277 0.170551 0.259277 0.171081 0.259033 0.171610 0.258789 0.171610 0.258789 0.172140 0.258545 0.172669 0.258301 0.172669 0.258301 0.173199 0.258057 0.173729 0.257812 0.173729 0.257812 0.178496 0.258057 0.178496 0.258057 0.177966 0.258545 0.176907 0.258545 0.174788 0.258789 0.174258 0.259277 0.174258 0.259766 0.173199 0.260254 0.173199 0.260742 0.172140 0.261475 0.172140 0.261475 0.170551 0.261719 0.170021 0.261963 0.170021 0.262207 0.170551 0.262207 0.171081 0.262695 0.171081 0.263428 0.169492
2 0.100586 0.161017 0.100586 0.163665 0.100830 0.163665 0.101074 0.164195 0.101074 0.164725 0.101807 0.164725 0.102051 0.165254 0.102051 0.168962 0.102783 0.168962 0.102783 0.164195 0.103027 0.163665 0.103271 0.163665 0.103516 0.164195 0.103516 0.164725 0.103760 0.164725 0.104004 0.165254 0.104004 0.165784 0.104248 0.165784 0.104248 0.165254 0.104004 0.165254 0.103760 0.164725 0.103760 0.163136 0.103516 0.163136 0.103271 0.162606 0.103271 0.161547 0.103027 0.161017 0.102051 0.161017 0.101807 0.161547 0.101562 0.161017
2 0.095703 0.154661 0.095703 0.157309 0.095459 0.157839 0.095215 0.157839 0.095215 0.158369 0.094971 0.158898 0.094238 0.158898 0.094238 0.160487 0.093750 0.161547 0.093750 0.162606 0.093994 0.162606 0.093994 0.162076 0.094238 0.161547 0.094482 0.161547 0.094482 0.161017 0.094727 0.160487 0.097412 0.160487 0.097656 0.161017 0.097656 0.164725 0.098877 0.164725 0.098877 0.164195 0.098633 0.164195 0.098389 0.163665 0.098389 0.161017 0.097656 0.161017 0.097412 0.160487 0.097412 0.158898 0.097656 0.158369 0.098389 0.158369 0.098389 0.154661 0.098145 0.154661 0.098145 0.155191 0.097900 0.155720 0.097656 0.155720 0.097412 0.155191 0.097412 0.154661
2 0.093506 0.149364 0.092773 0.149364 0.092529 0.149894 0.092041 0.149894 0.091797 0.150424 0.091553 0.150424 0.091309 0.150953 0.091309 0.151483 0.091064 0.152013 0.091064 0.152542 0.090576 0.153602 0.090576 0.154661 0.090332 0.155191 0.090332 0.156250 0.091064 0.156250 0.091064 0.155720 0.091309 0.155191 0.091553 0.155191 0.091797 0.155720 0.091797 0.156250 0.092285 0.156250 0.092773 0.155191 0.093262 0.155191 0.093506 0.154661
2 0.335938 0.105932 0.334473 0.109640 0.333740 0.103814 0.329590 0.104873 0.328369 0.102754 0.323730 0.108581 0.324219 0.114936 0.322754 0.115466 0.322998 0.110699 0.322021 0.109110 0.322998 0.105403 0.317383 0.104873 0.318115 0.106462 0.319092 0.104343 0.320312 0.109110 0.316406 0.108581 0.317871 0.114936 0.316162 0.118644 0.314697 0.118114 0.314697 0.105932 0.307617 0.110169 0.306885 0.115466 0.304688 0.113877 0.304688 0.121292 0.302979 0.119174 0.302246 0.122352 0.304199 0.126059 0.304443 0.121822 0.305908 0.121292 0.308594 0.125530 0.312256 0.123411 0.312500 0.126589 0.313721 0.126589 0.316162 0.121292 0.316162 0.127119 0.314453 0.127119 0.312256 0.131356 0.310791 0.127119 0.306641 0.127119 0.311523 0.130297 0.311279 0.132415 0.309570 0.130297 0.309082 0.135064 0.308105 0.134534 0.307373 0.137712 0.305664 0.137712 0.303467 0.132945 0.303955 0.127119 0.302246 0.127119 0.301025 0.135593 0.299316 0.132415 0.292725 0.138771 0.291992 0.141949 0.292725 0.146186 0.287842 0.146186 0.287354 0.143538 0.281006 0.148305 0.281250 0.152013 0.283447 0.150953 0.281494 0.155720 0.281006 0.154131 0.277100 0.156780 0.273926 0.155720 0.274414 0.161547 0.272949 0.163665 0.277100 0.162606 0.277344 0.156250 0.281006 0.156250 0.281006 0.158898 0.278809 0.158898 0.281738 0.166314 0.279785 0.167373 0.280273 0.169492 0.285645 0.164725 0.282471 0.164725 0.284668 0.157309 0.289062 0.158898 0.286133 0.161017 0.286377 0.163665 0.296631 0.153072 0.293213 0.152542 0.292969 0.149894 0.296631 0.149894 0.297607 0.152013 0.308105 0.143008 0.313965 0.141419 0.314209 0.138771 0.312500 0.137182 0.316895 0.136653 0.314453 0.131886 0.316650 0.130826 0.317871 0.135064 0.318604 0.127119 0.319824 0.125530 0.320068 0.128178 0.320068 0.123941 0.321777 0.121292 0.328857 0.121822 0.334961 0.113347 0.334473 0.111229 0.335693 0.110169
2 0.332764 0.095869 0.332275 0.094809 0.332031 0.094809 0.331787 0.095339 0.331787 0.095869 0.331543 0.096398 0.330566 0.096398 0.330566 0.097987 0.330322 0.098517 0.330078 0.097987 0.330078 0.096398 0.329590 0.097458 0.329346 0.097458 0.329102 0.097987 0.329102 0.099047 0.329590 0.100106 0.329102 0.101165 0.330322 0.101165 0.330322 0.100636 0.330078 0.100106 0.330078 0.099047 0.330322 0.098517 0.330811 0.098517 0.331543 0.100106 0.332275 0.100106 0.332275 0.098517 0.333008 0.096928 0.332764 0.096398
2 0.355713 0.073623 0.355469 0.074153 0.355469 0.074682 0.355713 0.075212 0.355469 0.075742 0.356689 0.075742 0.356934 0.076271 0.356934 0.081038 0.357178 0.081038 0.357422 0.081568 0.357422 0.082097 0.357178 0.082627 0.356934 0.082627 0.356934 0.084216 0.357666 0.084216 0.357910 0.084746 0.357910 0.085275 0.358154 0.084746 0.358398 0.084746 0.358643 0.084216 0.358887 0.084216 0.359131 0.083686 0.359375 0.084216 0.359619 0.084216 0.359863 0.084746 0.360352 0.084746 0.360352 0.084216 0.360107 0.083686 0.360107 0.080508 0.359375 0.080508 0.359131 0.081038 0.358887 0.081038 0.358643 0.080508 0.358643 0.079449 0.357910 0.079449 0.357666 0.078919 0.357666 0.077331 0.357422 0.077331 0.357178 0.076801 0.357178 0.075212 0.356201 0.075212 0.355957 0.074682 0.355957 0.074153
2 0.375732 0.069386 0.375000 0.069386 0.374268 0.070975 0.374023 0.070975 0.373779 0.070445 0.373779 0.069915 0.374023 0.069386 0.374268 0.069386 0.374268 0.068326 0.374023 0.067797 0.372559 0.067797 0.372314 0.067267 0.372559 0.067797 0.372559 0.068326 0.372803 0.068326 0.373047 0.068856 0.373047 0.070445 0.372803 0.070975 0.372070 0.070975 0.371826 0.070445 0.371826 0.069915 0.371094 0.069915 0.371094 0.070445 0.370850 0.070975 0.369629 0.070975 0.369629 0.071504 0.369385 0.072034 0.369141 0.072034 0.369141 0.072564 0.369385 0.072564 0.369629 0.073093 0.369629 0.073623 0.369141 0.074682 0.368896 0.074682 0.369385 0.075742 0.369385 0.076271 0.369629 0.076271 0.369873 0.076801 0.369629 0.077331 0.369385 0.077331 0.369141 0.077860 0.368896 0.077331 0.368896 0.076801 0.368408 0.076801 0.368408 0.079449 0.368652 0.078919 0.368896 0.078919 0.369141 0.078390 0.369385 0.078390 0.369141 0.077860 0.369385 0.077331 0.370117 0.077331 0.370605 0.076271 0.370850 0.076271 0.371338 0.075212 0.371582 0.075212 0.372314 0.073623 0.372559 0.073623 0.372803 0.073093 0.373047 0.073093 0.373291 0.072564 0.373535 0.072564 0.373779 0.072034 0.374023 0.072034 0.374268 0.071504 0.374512 0.071504 0.375244 0.069915 0.375488 0.069915
2 0.404053 0.025424 0.385742 0.042373 0.383789 0.089513 0.378906 0.104873 0.381836 0.111758 0.376221 0.107521 0.371826 0.143538 0.377930 0.135064 0.368652 0.150953 0.367188 0.196504 0.360107 0.209216 0.353760 0.248941 0.357666 0.240996 0.358887 0.250530 0.352295 0.257945 0.348633 0.279131 0.350098 0.321504 0.346191 0.317797 0.345703 0.333157 0.341309 0.332627 0.341309 0.375530 0.337158 0.385064 0.339844 0.413665 0.334473 0.411017 0.325928 0.441737 0.331543 0.457097 0.328369 0.449153 0.326172 0.456038 0.331543 0.465572 0.323975 0.481462 0.326416 0.468220 0.320312 0.478284 0.321777 0.490996 0.325195 0.483051 0.325195 0.507945 0.323975 0.491525 0.316650 0.502119 0.314697 0.490996 0.318848 0.510064 0.316406 0.525953 0.322266 0.507945 0.322266 0.519597 0.328125 0.518538 0.312256 0.538136 0.305176 0.526483 0.306641 0.549788 0.299316 0.564619 0.308105 0.596928 0.316406 0.603814 0.314941 0.622352 0.322510 0.635064 0.327881 0.623941 0.317139 0.592691 0.320068 0.544492 0.323486 0.550318 0.326660 0.529131 0.329346 0.537606 0.333252 0.498941 0.353516 0.432203 0.359131 0.344280 0.365234 0.339513 0.369629 0.298199 0.366943 0.288136 0.375244 0.266419 0.372803 0.261653 0.381592 0.222458 0.378906 0.212924 0.376709 0.226165 0.382568 0.200212 0.379639 0.177966 0.383789 0.194386 0.389893 0.156250 0.384521 0.143008 0.388916 0.130826 0.387695 0.152013 0.392578 0.135064 0.394287 0.148835 0.406250 0.059322 0.402100 0.052966 0.409668 0.043432
2 0.398438 0.022775 0.398682 0.023305 0.398438 0.023835 0.398438 0.024364 0.398682 0.023835 0.398926 0.024364 0.398926 0.024894 0.400146 0.024894 0.400146 0.024364 0.400391 0.023835 0.401123 0.023835 0.401611 0.024894 0.401611 0.024364 0.401367 0.024364 0.401123 0.023835 0.401367 0.023305 0.401367 0.022775 0.401611 0.022246 0.401855 0.022246 0.402100 0.022775 0.402100 0.023305 0.402344 0.023835 0.402344 0.024364 0.402588 0.023835 0.403564 0.023835 0.403076 0.022775 0.402832 0.022775 0.402588 0.022246 0.402588 0.021716 0.402344 0.021186 0.401855 0.021186 0.401611 0.020657 0.401611 0.020127 0.401123 0.019068 0.399902 0.019068 0.399902 0.022246 0.399658 0.022775 0.399414 0.022246 0.398682 0.022246
