0 0.536621 0.986758 0.536377 0.987288 0.535889 0.987288 0.535156 0.988877 0.535156 0.989407 0.535400 0.989936 0.535400 0.990996 0.536133 0.992585 0.536133 0.993644 0.537109 0.995763 0.537354 0.995763 0.537842 0.994703 0.537842 0.992055 0.537354 0.990996 0.537354 0.987818 0.536865 0.986758
0 0.542236 0.974576 0.541992 0.975106 0.541992 0.989407 0.542236 0.989936 0.542480 0.989407 0.542725 0.989936 0.542725 0.992585 0.542969 0.993114 0.543213 0.993114 0.543701 0.992055 0.543945 0.992585 0.543945 0.993644 0.544922 0.995763 0.545166 0.995233 0.545166 0.992055 0.544922 0.991525 0.543945 0.991525 0.543701 0.990996 0.543701 0.987288 0.543945 0.986758 0.544189 0.987288 0.544189 0.988347 0.544434 0.988877 0.544922 0.988877 0.545166 0.988347 0.545166 0.987818 0.544434 0.986229 0.544189 0.986229 0.543945 0.986758 0.543701 0.986229 0.543457 0.986229 0.543213 0.986758 0.543213 0.988347 0.542725 0.989407 0.542480 0.988877 0.542480 0.979873 0.542725 0.979343 0.542725 0.978814 0.543213 0.977754 0.542969 0.977225 0.542969 0.976165 0.542725 0.975636 0.542725 0.975106 0.542480 0.974576
0 0.520996 0.975106 0.520996 0.977754 0.521484 0.978814 0.521484 0.981992 0.522217 0.983581 0.522461 0.983051 0.522705 0.983051 0.522949 0.982521 0.523193 0.982521 0.523438 0.983051 0.523438 0.983581 0.523682 0.984110 0.524170 0.983051 0.524170 0.982521 0.523926 0.981992 0.524170 0.981462 0.526855 0.981462 0.527100 0.980932 0.527100 0.980403 0.526855 0.979873 0.526367 0.979873 0.525879 0.978814 0.524658 0.978814 0.524170 0.979873 0.523438 0.979873 0.522949 0.978814 0.522461 0.978814 0.521729 0.977225 0.521729 0.975106 0.521484 0.974576 0.521240 0.974576
0 0.508057 0.957097 0.507812 0.957627 0.506592 0.957627 0.506348 0.958157 0.506348 0.959216 0.506592 0.959746 0.506592 0.960275 0.506836 0.960805 0.506836 0.967161 0.507080 0.967691 0.507324 0.967161 0.507324 0.966102 0.507568 0.965572 0.507568 0.962924 0.508545 0.960805 0.508545 0.958686 0.508301 0.958157 0.508301 0.957627
0 0.513428 0.947564 0.513184 0.947564 0.512451 0.949153 0.511963 0.949153 0.511719 0.949682 0.511719 0.950742 0.511230 0.951801 0.511230 0.952331 0.511719 0.953390 0.511719 0.954449 0.511475 0.954979 0.511475 0.955508 0.511230 0.956038 0.511475 0.956568 0.511719 0.956568 0.511963 0.957097 0.512451 0.956038 0.512451 0.955508 0.513916 0.952331 0.513916 0.949153 0.514160 0.948623 0.513916 0.948093 0.513672 0.948093
0 0.532227 0.944915 0.531494 0.944915 0.531250 0.945445 0.531250 0.948093 0.530762 0.949153 0.530029 0.948623 0.530518 0.947034 0.530518 0.945975 0.530273 0.945445 0.529785 0.946504 0.530029 0.948093 0.529053 0.949682 0.529541 0.950742 0.530029 0.949682 0.530518 0.951271 0.530029 0.952331 0.529785 0.951801 0.529541 0.952331 0.528076 0.952331 0.527588 0.953390 0.527832 0.953919 0.530762 0.953919 0.531006 0.952331 0.531494 0.951801 0.532227 0.953390 0.532227 0.956568 0.532715 0.957627 0.532715 0.958686 0.533936 0.961335 0.534912 0.961335 0.535156 0.961864 0.535156 0.965572 0.534912 0.966102 0.533447 0.966102 0.533203 0.967691 0.532715 0.968750 0.532715 0.969809 0.532227 0.970869 0.532227 0.971928 0.531982 0.972458 0.531494 0.971928 0.531250 0.972458 0.531250 0.975106 0.530518 0.975636 0.530029 0.976695 0.529053 0.976695 0.528564 0.977754 0.527588 0.977754 0.527344 0.978284 0.527588 0.979343 0.530762 0.979343 0.531250 0.978284 0.532227 0.978284 0.532715 0.977225 0.533691 0.977225 0.534180 0.976165 0.534912 0.976165 0.535156 0.976695 0.535645 0.975106 0.534912 0.974047 0.534912 0.971398 0.535645 0.970869 0.535889 0.969280 0.536377 0.968750 0.536621 0.969280 0.536621 0.970869 0.536133 0.971928 0.536133 0.972987 0.536621 0.974047 0.536865 0.972458 0.537354 0.971398 0.537354 0.969280 0.537842 0.968220 0.538086 0.966631 0.537842 0.966102 0.536865 0.968220 0.536377 0.967691 0.536377 0.966102 0.536865 0.965042 0.536865 0.963453 0.536377 0.962394 0.536377 0.961335 0.535889 0.959746 0.536621 0.958686 0.536865 0.954979 0.536133 0.953390 0.535400 0.953390 0.535156 0.954979 0.534668 0.955508 0.533936 0.953919 0.533936 0.952860 0.533447 0.951801 0.533447 0.949682 0.532959 0.948623 0.532959 0.946504
0 0.525391 0.929555 0.524902 0.930614 0.524902 0.932203 0.525391 0.933263 0.525391 0.933792 0.524170 0.936441 0.524170 0.936970 0.524902 0.938559 0.525146 0.938559 0.526367 0.935911 0.526611 0.935911 0.527832 0.938559 0.528076 0.938030 0.528076 0.932733 0.527832 0.932203 0.526855 0.932203 0.526611 0.931674 0.526611 0.930614 0.526367 0.930085 0.525879 0.930085 0.525635 0.929555
0 0.521729 0.927966 0.521484 0.928496 0.521484 0.929025 0.521973 0.930085 0.521973 0.931674 0.521729 0.932203 0.521240 0.932203 0.520752 0.933263 0.520752 0.933792 0.520996 0.934322 0.520996 0.934852 0.520752 0.935381 0.519531 0.935381 0.519287 0.934852 0.519043 0.935381 0.519043 0.937500 0.519287 0.938030 0.519775 0.936970 0.521240 0.940148 0.521729 0.940148 0.521973 0.939619 0.522217 0.939619 0.522461 0.940148 0.522949 0.940148 0.523193 0.939619 0.523193 0.934852 0.522949 0.934322 0.522705 0.934322 0.522461 0.934852 0.522461 0.939089 0.522217 0.939619 0.521973 0.939619 0.521729 0.939089 0.521729 0.934322 0.522217 0.933263 0.522217 0.932203 0.522461 0.931674 0.522949 0.931674 0.523193 0.931144 0.523193 0.928496 0.522949 0.927966
0 0.282959 0.906780 0.281738 0.908898 0.281250 0.911017 0.281250 0.912076 0.281738 0.913136 0.282715 0.914195 0.283203 0.914195 0.283447 0.914725 0.283447 0.916314 0.283936 0.917903 0.282959 0.920551 0.280762 0.920551 0.280518 0.921081 0.279297 0.921081 0.279053 0.921610 0.279297 0.922669 0.279297 0.925318 0.278564 0.927966 0.278564 0.940148 0.279785 0.943326 0.280518 0.943856 0.281494 0.945975 0.281738 0.947564 0.282471 0.949153 0.283203 0.951801 0.284424 0.953919 0.286621 0.954979 0.286865 0.954449 0.288086 0.954449 0.288330 0.953919 0.290039 0.953919 0.290283 0.953390 0.292236 0.953390 0.292480 0.952860 0.292969 0.952860 0.293457 0.951801 0.293457 0.948623 0.293945 0.945975 0.293701 0.944915 0.293701 0.939089 0.292236 0.931144 0.291992 0.927436 0.291504 0.925318 0.291260 0.920551 0.290771 0.918962 0.290771 0.916314 0.290283 0.914725 0.288330 0.913136 0.287354 0.911017 0.287598 0.909958 0.287598 0.908369 0.286865 0.907309
0 0.523438 0.903602 0.522705 0.903602 0.521484 0.906250 0.521484 0.906780 0.520996 0.907839 0.521484 0.908898 0.521484 0.912606 0.521240 0.913136 0.521240 0.913665 0.521729 0.914725 0.521973 0.914195 0.521729 0.913665 0.521729 0.913136 0.523193 0.909958 0.523193 0.906250 0.523926 0.904661
0 0.523926 0.868114 0.523682 0.868644 0.523682 0.870763 0.523926 0.871292 0.524170 0.871292 0.524658 0.872352 0.524170 0.873411 0.523926 0.873411 0.523682 0.872881 0.523438 0.872881 0.523193 0.873411 0.522949 0.872881 0.522705 0.873411 0.523193 0.875000 0.523926 0.873411 0.524170 0.873411 0.524414 0.873941 0.524414 0.874470 0.524902 0.876059 0.524902 0.877648 0.524414 0.878708 0.524414 0.879767 0.524902 0.881356 0.525146 0.880826 0.525391 0.880826 0.525635 0.881356 0.525635 0.881886 0.525146 0.883475 0.524414 0.883475 0.523926 0.882415 0.523682 0.882415 0.523438 0.882945 0.522949 0.881356 0.522705 0.881356 0.522461 0.881886 0.522461 0.882415 0.522949 0.883475 0.522949 0.884004 0.523193 0.884534 0.523193 0.885593 0.523438 0.886123 0.523682 0.886123 0.523926 0.885593 0.524170 0.885593 0.524414 0.886123 0.524902 0.885064 0.525146 0.885064 0.526123 0.887182 0.526367 0.887182 0.526855 0.888242 0.527100 0.887712 0.527100 0.886123 0.527344 0.885593 0.527832 0.886653 0.528076 0.886653 0.528320 0.886123 0.528320 0.885593 0.527100 0.882945 0.526855 0.883475 0.526123 0.883475 0.525879 0.882945 0.525879 0.882415 0.525635 0.881886 0.526123 0.880826 0.526367 0.880826 0.526611 0.880297 0.526611 0.879767 0.526123 0.878708 0.526123 0.875530 0.525635 0.874470 0.525635 0.872352 0.524658 0.870233 0.524658 0.869174 0.524170 0.868114
0 0.523682 0.838983 0.522705 0.838983 0.522461 0.839513 0.522461 0.844809 0.522949 0.845869 0.522949 0.847987 0.522461 0.849047 0.522461 0.850106 0.522705 0.850636 0.522705 0.851165 0.522461 0.851695 0.522217 0.851165 0.521973 0.851695 0.522461 0.852754 0.522461 0.853814 0.522949 0.854873 0.523193 0.854343 0.523193 0.852754 0.523438 0.852225 0.523682 0.852225 0.523926 0.851695 0.523193 0.850106 0.523193 0.848517 0.523438 0.847987 0.523682 0.848517 0.523926 0.847987 0.523926 0.847458 0.523682 0.846928 0.523682 0.846398 0.523438 0.845869 0.523438 0.844280 0.523682 0.843750 0.523682 0.841631 0.523926 0.841102 0.523926 0.840572 0.523682 0.840042 0.523926 0.839513
0 0.533447 0.827331 0.532959 0.829449 0.532715 0.829449 0.532227 0.827860 0.531982 0.828390 0.531250 0.828390 0.531006 0.827860 0.530762 0.828390 0.531006 0.829449 0.531982 0.830508 0.532471 0.829979 0.532715 0.830508 0.532715 0.832097 0.532471 0.832627 0.531494 0.832627 0.531006 0.832097 0.530518 0.833157 0.531006 0.836335 0.530029 0.837924 0.529297 0.837924 0.528076 0.835805 0.527344 0.837394 0.527344 0.838453 0.526367 0.839513 0.526367 0.841102 0.526855 0.842161 0.527588 0.841631 0.528320 0.843220 0.528320 0.844280 0.528809 0.845339 0.528809 0.850636 0.529297 0.851695 0.528809 0.853284 0.529297 0.855403 0.530029 0.854873 0.530029 0.850636 0.531738 0.848517 0.531494 0.847987 0.531494 0.844280 0.531006 0.843220 0.531250 0.842691 0.531006 0.842161 0.531006 0.839513 0.530762 0.838983 0.531250 0.837924 0.531494 0.838453 0.531982 0.837394 0.532471 0.838453 0.532959 0.838453 0.533203 0.838983 0.532959 0.840042 0.534424 0.842161 0.534424 0.844280 0.534668 0.845339 0.534180 0.846398 0.533691 0.844809 0.533203 0.845869 0.533936 0.847458 0.533691 0.848517 0.533936 0.849047 0.534668 0.849047 0.534912 0.848517 0.534180 0.847458 0.534912 0.846398 0.534668 0.845339 0.534912 0.843220 0.536133 0.842161 0.536133 0.841102 0.536621 0.840042 0.536377 0.839513 0.536621 0.838453 0.536865 0.838983 0.537109 0.838453 0.537842 0.838453 0.538574 0.836335 0.538330 0.835805 0.538086 0.836335 0.537598 0.834746 0.537109 0.836864 0.536865 0.836335 0.536133 0.837924 0.535889 0.838983 0.535889 0.841102 0.534912 0.842161 0.534668 0.841631 0.534912 0.839513 0.534424 0.838453 0.534668 0.836864 0.534424 0.835805 0.533691 0.834746 0.534180 0.833157 0.534668 0.834216 0.534912 0.833157 0.534180 0.832097 0.533447 0.829979 0.533691 0.828919
0 0.526123 0.820445 0.525879 0.820975 0.526367 0.822034 0.526367 0.823623 0.526611 0.824153 0.526611 0.824682 0.525879 0.826271 0.525879 0.826801 0.525635 0.827331 0.525146 0.827331 0.524658 0.828390 0.524414 0.828390 0.523926 0.827331 0.523682 0.827331 0.523438 0.827860 0.523438 0.828390 0.523682 0.828919 0.524170 0.828919 0.524414 0.829449 0.524414 0.829979 0.523926 0.831038 0.524170 0.831568 0.524170 0.832097 0.525391 0.834746 0.525635 0.834216 0.525635 0.833686 0.525879 0.833157 0.526123 0.833157 0.526367 0.833686 0.526367 0.834746 0.526611 0.835275 0.527344 0.835275 0.527588 0.834746 0.527344 0.834216 0.527344 0.833157 0.527832 0.832097 0.527832 0.831568 0.527588 0.831038 0.527588 0.830508 0.527344 0.829979 0.527100 0.830508 0.526367 0.830508 0.526123 0.829979 0.526123 0.828390 0.526367 0.827860 0.526611 0.827860 0.526855 0.828390 0.527344 0.827331 0.527588 0.827860 0.527832 0.827331 0.528076 0.827860 0.528320 0.827860 0.528564 0.827331 0.528564 0.824682 0.528320 0.824153 0.528076 0.824153 0.527588 0.825212 0.527344 0.824682 0.527344 0.824153 0.527100 0.823623 0.527100 0.822034 0.526367 0.820445
0 0.488770 0.818856 0.488525 0.819386 0.488770 0.819915 0.488770 0.820445 0.488525 0.820975 0.488770 0.821504 0.489258 0.820445 0.489502 0.820445 0.490234 0.822034 0.490234 0.823623 0.489990 0.824153 0.489746 0.824153 0.489258 0.823093 0.488770 0.823093 0.488525 0.823623 0.489258 0.825212 0.489258 0.825742 0.489014 0.826271 0.488770 0.826271 0.488525 0.825742 0.488281 0.826271 0.488281 0.829449 0.488525 0.829979 0.488770 0.829979 0.489014 0.829449 0.489014 0.827331 0.489258 0.826801 0.489746 0.826801 0.489990 0.826271 0.489990 0.825212 0.490234 0.824682 0.490479 0.824682 0.491211 0.826271 0.491211 0.827331 0.491699 0.828390 0.491699 0.829449 0.491943 0.829979 0.492188 0.829979 0.492676 0.828919 0.492920 0.828919 0.493164 0.829449 0.493408 0.828919 0.493408 0.827860 0.492920 0.826801 0.492920 0.825742 0.492676 0.825212 0.492188 0.825212 0.491455 0.823623 0.491699 0.823093 0.491699 0.822564 0.491455 0.822034 0.490723 0.822034 0.490479 0.821504 0.490479 0.820445 0.490234 0.819915 0.489746 0.819915 0.489258 0.818856
0 0.500732 0.811441 0.500488 0.811970 0.500977 0.813030 0.500977 0.815678 0.501709 0.817267 0.502686 0.817267 0.502930 0.816737 0.503174 0.817267 0.503662 0.817267 0.503906 0.817797 0.503906 0.819915 0.504150 0.820445 0.504395 0.820445 0.504639 0.819915 0.504639 0.817797 0.505615 0.815678 0.505615 0.813030 0.505127 0.811970 0.504883 0.811970 0.504639 0.811441 0.504395 0.811441 0.504150 0.810911 0.503906 0.810911 0.503662 0.811441 0.502930 0.811441 0.502686 0.811970 0.502686 0.812500 0.502197 0.813559 0.501953 0.813030 0.501709 0.813559 0.501465 0.813559 0.501221 0.813030 0.501221 0.812500
0 0.542236 0.813030 0.541016 0.811441 0.540771 0.811970 0.540527 0.811441 0.539551 0.811970 0.539307 0.810381 0.539062 0.810911 0.538330 0.809852 0.538574 0.808792 0.538330 0.808263 0.537598 0.810381 0.538574 0.812500 0.537842 0.813559 0.537354 0.813559 0.536865 0.814619 0.536377 0.813559 0.535645 0.813559 0.535156 0.814619 0.535156 0.816208 0.533936 0.818856 0.533447 0.818326 0.532959 0.818856 0.533203 0.819915 0.532959 0.820975 0.532471 0.820445 0.531982 0.817267 0.530762 0.814619 0.530029 0.815678 0.529785 0.815148 0.530029 0.814089 0.529297 0.813030 0.528809 0.814089 0.529053 0.815678 0.528320 0.818326 0.528320 0.820975 0.528564 0.821504 0.529053 0.820445 0.529297 0.820975 0.530029 0.818856 0.529297 0.817267 0.530029 0.816208 0.530273 0.817797 0.531250 0.819915 0.531250 0.821504 0.530518 0.822564 0.531006 0.823623 0.531738 0.824153 0.532959 0.820975 0.533447 0.822034 0.533203 0.822564 0.533447 0.823093 0.533936 0.821504 0.534668 0.821504 0.534912 0.820975 0.535156 0.817797 0.535645 0.816208 0.536377 0.815148 0.536621 0.816208 0.536377 0.817267 0.535645 0.818326 0.535645 0.819915 0.536377 0.822034 0.536133 0.823093 0.536621 0.824682 0.536133 0.825212 0.535400 0.824153 0.535156 0.824682 0.535400 0.825212 0.535156 0.826801 0.534180 0.825742 0.533691 0.826271 0.534424 0.827331 0.534912 0.826801 0.535156 0.827331 0.535156 0.830508 0.535400 0.831038 0.536133 0.829449 0.536377 0.829979 0.536621 0.829449 0.537354 0.830508 0.537842 0.828919 0.537354 0.827860 0.537354 0.825742 0.536377 0.822564 0.536865 0.820445 0.536621 0.819386 0.537598 0.817267 0.537598 0.816208 0.538086 0.815148 0.538574 0.817797 0.538330 0.818856 0.539795 0.819915 0.540283 0.821504 0.541016 0.821504 0.541748 0.818856 0.541748 0.817797 0.542480 0.817267
0 0.128174 0.845339 0.130615 0.848517 0.134033 0.849047 0.138916 0.852225 0.148193 0.852225 0.152832 0.848517 0.156738 0.837394 0.161377 0.833686 0.165283 0.835275 0.168213 0.841631 0.170166 0.840572 0.171631 0.837394 0.175537 0.838453 0.178467 0.836864 0.179199 0.834746 0.179199 0.827331 0.177246 0.818856 0.177002 0.814089 0.175293 0.810911 0.170654 0.807203 0.162842 0.803496 0.164551 0.801907 0.168457 0.801907 0.171387 0.800318 0.171631 0.799258 0.170654 0.796610 0.167969 0.795021 0.160889 0.798729 0.159668 0.796081 0.159424 0.793432 0.160156 0.791843 0.166992 0.789195 0.164307 0.786017 0.165527 0.782309 0.161133 0.781250 0.157471 0.783369 0.155518 0.781250 0.150391 0.779661 0.146729 0.782309 0.145508 0.786547 0.142334 0.789725 0.140625 0.793962 0.140625 0.799258 0.143066 0.806674 0.142090 0.813559 0.139893 0.817267 0.140137 0.821504 0.138916 0.823623 0.136719 0.824682 0.135498 0.827860 0.135498 0.831038 0.132080 0.834746 0.131592 0.838453 0.128906 0.841631
0 0.443115 0.733581 0.442871 0.734110 0.442871 0.736229 0.443115 0.736758 0.443848 0.736758 0.444092 0.737288 0.444092 0.737818 0.445312 0.740466 0.445312 0.740996 0.445557 0.741525 0.445801 0.740996 0.446045 0.740996 0.446289 0.740466 0.446045 0.739936 0.446045 0.737818 0.445801 0.737288 0.445312 0.737288 0.445068 0.736758 0.445068 0.734640 0.444824 0.734110 0.443359 0.734110
0 0.449463 0.725106 0.449219 0.725636 0.449219 0.728284 0.448975 0.728814 0.447998 0.728814 0.447754 0.729343 0.447754 0.730403 0.447998 0.730932 0.447998 0.731992 0.447754 0.732521 0.447510 0.732521 0.447266 0.731992 0.447021 0.732521 0.447510 0.733581 0.448975 0.733581 0.449219 0.734110 0.449219 0.736229 0.449463 0.736758 0.449707 0.736758 0.449951 0.736229 0.449707 0.735699 0.449707 0.733581 0.449951 0.733051 0.449951 0.731462 0.449463 0.730403 0.449463 0.729873 0.449707 0.729343 0.449951 0.729343 0.450195 0.728814 0.449951 0.728284 0.449951 0.726165
0 0.317139 0.722987 0.317383 0.723517 0.319824 0.723517 0.320068 0.722987 0.321777 0.722987 0.322021 0.722458 0.323242 0.722458 0.323486 0.721928 0.325684 0.721928 0.325928 0.721398 0.325684 0.720869 0.320312 0.720869 0.320068 0.721398 0.319092 0.721398 0.318848 0.721928 0.318359 0.721928 0.318115 0.722458 0.317383 0.722458
0 0.433105 0.710805 0.432861 0.711335 0.432861 0.712394 0.433105 0.712924 0.432617 0.713983 0.432373 0.713983 0.432129 0.714513 0.432129 0.715042 0.432373 0.715572 0.433350 0.715572 0.433594 0.716102 0.433594 0.720339 0.434326 0.721928 0.434814 0.721928 0.435059 0.722458 0.435303 0.722458 0.435791 0.721398 0.435303 0.720339 0.434570 0.720339 0.434326 0.719809 0.434326 0.715042 0.434082 0.714513 0.433838 0.715042 0.433350 0.715042 0.433105 0.714513 0.433594 0.713453 0.433594 0.712394 0.433350 0.711864 0.433350 0.711335
0 0.303711 0.712394 0.303467 0.711864 0.303223 0.711864 0.302490 0.710275 0.302002 0.711335 0.301514 0.710275 0.301025 0.710275 0.300781 0.710805 0.300537 0.710275 0.300293 0.710805 0.300293 0.711335 0.300049 0.711864 0.299805 0.711864 0.299316 0.712924 0.299072 0.712924 0.298340 0.714513 0.298340 0.717691 0.298096 0.718220 0.297607 0.717161 0.297363 0.717161 0.297119 0.717691 0.297607 0.718750 0.297852 0.718750 0.298096 0.718220 0.298340 0.718750 0.299072 0.718750 0.299561 0.717691 0.299805 0.717691 0.300049 0.717161 0.300293 0.717161 0.300537 0.716631 0.300537 0.716102 0.300781 0.715572 0.301025 0.715572 0.301270 0.716102 0.302002 0.716102 0.302246 0.715572 0.302490 0.715572 0.302734 0.715042 0.302979 0.715042 0.303223 0.714513 0.302979 0.713983
0 0.433838 0.707097 0.433594 0.707627 0.433594 0.708157 0.433350 0.708686 0.433594 0.709216 0.433838 0.709216 0.434082 0.709746 0.434082 0.710805 0.434326 0.711335 0.435059 0.711335 0.435547 0.712394 0.435547 0.713453 0.435059 0.714513 0.435059 0.716102 0.435303 0.716631 0.436035 0.716631 0.436523 0.715572 0.437012 0.715572 0.437500 0.714513 0.437500 0.713983 0.437256 0.713453 0.437256 0.712394 0.437012 0.711864 0.436768 0.711864 0.436279 0.712924 0.436035 0.712924 0.435791 0.712394 0.435791 0.711864 0.436279 0.710805 0.436279 0.710275 0.435791 0.709216 0.435791 0.708686 0.436035 0.708157 0.435791 0.707627 0.435547 0.707627 0.435059 0.706568 0.434814 0.706568 0.434326 0.707627 0.434082 0.707627
0 0.415283 0.700742 0.415039 0.700742 0.414551 0.701801 0.414307 0.701271 0.414062 0.701801 0.414307 0.702331 0.414062 0.702860 0.414062 0.708157 0.413818 0.708686 0.412354 0.708686 0.411621 0.710275 0.411621 0.715042 0.412109 0.716102 0.412109 0.716631 0.411865 0.717161 0.411621 0.717161 0.411133 0.716102 0.410889 0.716631 0.411865 0.718750 0.412354 0.718750 0.412598 0.718220 0.412354 0.717691 0.412354 0.717161 0.413574 0.714513 0.413574 0.713983 0.413330 0.713453 0.413330 0.711864 0.413574 0.711335 0.414062 0.711335 0.414307 0.710805 0.414307 0.708686 0.414551 0.708157 0.415771 0.708157 0.416016 0.707627 0.415283 0.706038 0.415283 0.704979 0.414795 0.703919 0.415039 0.703390 0.415039 0.702860 0.415527 0.701801 0.415527 0.701271
0 0.432129 0.698093 0.431396 0.698093 0.430664 0.699682 0.430664 0.700212 0.430908 0.700742 0.431396 0.700742 0.431641 0.701271 0.431641 0.702860 0.431396 0.703390 0.430176 0.703390 0.429932 0.703919 0.430176 0.704449 0.429932 0.704979 0.429932 0.705508 0.430176 0.706038 0.431641 0.706038 0.432373 0.704449 0.432373 0.703919 0.432617 0.703390 0.432617 0.702860 0.432373 0.702331 0.432617 0.701801 0.432373 0.701271 0.432129 0.701271 0.431885 0.700742 0.431885 0.700212 0.432129 0.699682 0.432373 0.699682 0.432617 0.699153
0 0.092041 0.671610 0.092041 0.672669 0.093262 0.675318 0.095947 0.678496 0.095947 0.679025 0.094971 0.681674 0.095459 0.682733 0.096191 0.682733 0.096436 0.683263 0.097656 0.683263 0.097900 0.683792 0.099365 0.683792 0.099609 0.683263 0.100342 0.683263 0.100586 0.682733 0.101318 0.682733 0.101562 0.682203 0.104248 0.682203 0.104492 0.682733 0.105957 0.682733 0.108887 0.679555 0.110107 0.679555 0.110352 0.680085 0.111084 0.680085 0.112549 0.681674 0.113037 0.680614 0.114258 0.675318 0.113525 0.671610 0.112793 0.670021 0.112061 0.669492 0.110107 0.665784 0.109131 0.664725 0.107666 0.664195 0.106689 0.662606 0.106201 0.660487 0.106201 0.657309 0.105713 0.656250 0.105225 0.656780 0.104492 0.656780 0.103516 0.658369 0.103027 0.658369 0.102783 0.658898 0.101807 0.658898 0.100342 0.656250 0.098877 0.655191 0.096924 0.658898 0.095947 0.659428 0.094971 0.661017 0.094971 0.662076 0.095459 0.663665 0.096191 0.663665 0.096924 0.664725 0.096680 0.665254 0.095215 0.665784 0.093262 0.670551 0.092285 0.671081
0 0.021729 0.661017 0.020996 0.659958 0.018799 0.659428 0.017578 0.658369 0.017090 0.657309 0.017334 0.656250 0.018799 0.654131 0.018555 0.653602 0.016602 0.653072 0.015625 0.650953 0.015625 0.647775 0.016357 0.646716 0.016113 0.646186 0.016113 0.644068 0.015625 0.643008 0.015137 0.643008 0.014893 0.643538 0.013428 0.643538 0.013184 0.644068 0.011963 0.644597 0.009766 0.647775 0.010010 0.648305 0.011230 0.648305 0.011475 0.648835 0.014404 0.648835 0.015137 0.650424 0.014648 0.651483 0.014160 0.651483 0.013916 0.652013 0.011230 0.652013 0.010986 0.651483 0.009766 0.651483 0.008789 0.649894 0.008301 0.649894 0.007324 0.650953 0.005127 0.651483 0.004150 0.654131 0.004639 0.656250 0.004639 0.657839 0.001709 0.663136 0.000000 0.663136 0.000000 0.669492 0.003174 0.669492 0.003418 0.670021 0.012695 0.669492 0.012939 0.668962 0.014648 0.668432 0.015381 0.667373 0.016602 0.667373 0.016846 0.667903 0.017090 0.667373 0.016602 0.665254 0.016846 0.664195 0.017578 0.664195 0.018799 0.663136 0.020264 0.663136 0.021484 0.662076
0 0.497803 0.610699 0.497803 0.612818 0.498291 0.613877 0.501953 0.613877 0.502197 0.613347 0.503174 0.613347 0.503418 0.612818 0.504395 0.612818 0.504639 0.612288 0.504639 0.611758 0.504395 0.611229 0.504150 0.611229 0.503662 0.610169 0.503418 0.610169 0.503174 0.609640 0.502930 0.609640 0.502686 0.609110 0.501953 0.609110 0.501709 0.608581 0.500732 0.608581 0.500488 0.609110 0.498291 0.609110 0.498047 0.609640 0.498047 0.610169
0 0.533203 0.582097 0.533203 0.583157 0.533691 0.584216 0.534668 0.584216 0.534912 0.583686 0.534912 0.581568 0.535156 0.581038 0.536377 0.581038 0.536865 0.582097 0.537109 0.581568 0.537842 0.583157 0.538574 0.583157 0.538818 0.582627 0.538574 0.582097 0.538818 0.581568 0.538818 0.581038 0.538574 0.580508 0.538086 0.580508 0.537109 0.578390 0.536621 0.578390 0.536133 0.577331 0.535400 0.577331 0.534912 0.576271 0.534180 0.577860 0.534180 0.578919 0.533691 0.579979 0.533691 0.581038
0 0.204834 0.537606 0.204590 0.537076 0.204102 0.537076 0.203857 0.536547 0.203857 0.534428 0.203613 0.533898 0.203369 0.533898 0.203125 0.534428 0.203125 0.535487 0.202881 0.536017 0.201416 0.536017 0.200928 0.537076 0.199463 0.537076 0.199219 0.537606 0.199219 0.538136 0.199463 0.538665 0.200684 0.538665 0.201172 0.537606 0.201904 0.537606 0.202148 0.538136 0.202148 0.539195 0.202393 0.539725 0.202637 0.539195 0.202881 0.539195 0.203125 0.538665 0.204346 0.538665
0 0.209961 0.528072 0.209717 0.527542 0.207275 0.527542 0.206787 0.528602 0.203369 0.528602 0.203125 0.529131 0.203125 0.529661 0.203369 0.530191 0.206543 0.530191 0.207031 0.529131 0.209717 0.529131 0.209961 0.528602
0 0.210693 0.527542 0.210693 0.528602 0.210938 0.529131 0.211670 0.529131 0.212158 0.530191 0.213135 0.530191 0.213623 0.531250 0.214111 0.531250 0.214355 0.531780 0.214600 0.531250 0.214600 0.530720 0.214844 0.530191 0.218262 0.530191 0.218506 0.529661 0.218506 0.529131 0.218262 0.528602 0.215088 0.528602 0.214600 0.529661 0.213867 0.529661 0.213379 0.528602 0.212402 0.528602 0.211914 0.527542 0.211426 0.527542 0.211182 0.527013 0.210938 0.527013
0 0.034912 0.515360 0.034912 0.518008 0.035156 0.519068 0.034912 0.519597 0.034912 0.521186 0.034668 0.521716 0.035156 0.522775 0.037109 0.524894 0.037598 0.524894 0.039307 0.526483 0.045654 0.526483 0.045898 0.527013 0.047607 0.527013 0.047852 0.526483 0.048584 0.526483 0.050049 0.524364 0.050781 0.524364 0.051025 0.524894 0.052246 0.524894 0.052490 0.525424 0.053711 0.525424 0.054199 0.524364 0.054688 0.522246 0.052734 0.520127 0.052246 0.519068 0.052734 0.518008 0.053711 0.517479 0.053955 0.516949 0.054443 0.516949 0.055420 0.515360 0.054443 0.513242 0.053711 0.512712 0.053467 0.511653 0.053711 0.511123 0.054443 0.511123 0.055420 0.510064 0.055908 0.509004 0.055908 0.507415 0.054688 0.505826 0.053711 0.505826 0.052002 0.503708 0.051514 0.503708 0.050537 0.502648 0.048584 0.503178 0.048340 0.503708 0.047852 0.503708 0.046875 0.505297 0.046143 0.505297 0.045166 0.504237 0.042725 0.503708 0.040283 0.501059 0.039551 0.501059 0.038574 0.505297 0.037598 0.507945 0.037598 0.510064 0.037354 0.510593 0.037354 0.511653 0.036621 0.513242
0 0.543457 0.492055 0.542969 0.493114 0.542969 0.496292 0.542725 0.496822 0.543213 0.497881 0.543213 0.498411 0.542725 0.499470 0.542236 0.498411 0.541992 0.498941 0.542236 0.499470 0.542480 0.498941 0.542969 0.500000 0.542969 0.501059 0.543213 0.501589 0.543213 0.502119 0.542969 0.502648 0.542969 0.515890 0.543213 0.516419 0.543457 0.516419 0.543701 0.515890 0.543701 0.492585
0 0.024170 0.473517 0.024414 0.474047 0.024658 0.474047 0.024902 0.474576 0.027588 0.474576 0.027832 0.474047 0.029053 0.474047 0.029297 0.473517 0.030273 0.473517 0.030518 0.472987 0.030273 0.472458 0.029785 0.472458 0.029541 0.471928 0.025879 0.471928 0.025635 0.472458 0.025146 0.472458 0.024902 0.472987 0.024414 0.472987
0 0.090088 0.327860 0.089600 0.326801 0.088623 0.326801 0.088379 0.326271 0.088135 0.326801 0.086182 0.326801 0.085938 0.327331 0.085205 0.327331 0.084961 0.327860 0.083740 0.327860 0.083496 0.328390 0.083496 0.328919 0.083252 0.329449 0.083252 0.331038 0.083740 0.332097 0.083984 0.332097 0.084229 0.332627 0.085205 0.332627 0.085449 0.332097 0.085693 0.332097 0.086670 0.329979 0.086914 0.329979 0.087158 0.329449 0.088623 0.329449 0.088867 0.328919 0.089111 0.328919 0.089355 0.328390 0.089844 0.328390
0 0.092285 0.252119 0.092773 0.253178 0.092773 0.253708 0.093018 0.254237 0.093018 0.254767 0.093262 0.255297 0.093506 0.255297 0.093750 0.255826 0.093750 0.256356 0.093994 0.256886 0.093994 0.257415 0.094238 0.257945 0.094238 0.259534 0.094482 0.260064 0.094482 0.261123 0.094727 0.261653 0.094727 0.262712 0.095459 0.264301 0.095947 0.264301 0.096191 0.263771 0.096924 0.263771 0.097168 0.263242 0.098877 0.263242 0.099121 0.262712 0.099609 0.262712 0.099854 0.262182 0.100098 0.262182 0.101318 0.259534 0.101562 0.259534 0.101807 0.259004 0.102539 0.259004 0.102783 0.258475 0.102539 0.257945 0.102295 0.257945 0.102051 0.257415 0.101562 0.257415 0.101318 0.256886 0.101074 0.256886 0.100830 0.256356 0.100586 0.256356 0.099854 0.254767 0.099854 0.254237 0.099609 0.253708 0.099365 0.253708 0.099121 0.253178 0.098389 0.253178 0.098145 0.252648 0.097656 0.252648 0.097412 0.252119 0.097168 0.252119 0.096680 0.251059 0.095947 0.251059 0.095703 0.250530 0.094971 0.250530 0.094727 0.251059 0.092773 0.251059
0 0.108887 0.244703 0.108154 0.246292 0.108154 0.246822 0.107178 0.248941 0.107178 0.249470 0.106934 0.250000 0.106934 0.250530 0.106689 0.251059 0.106689 0.253708 0.106445 0.254237 0.106445 0.254767 0.106689 0.255297 0.106689 0.255826 0.106934 0.256356 0.106934 0.256886 0.107178 0.257415 0.107178 0.257945 0.107422 0.258475 0.107666 0.258475 0.107910 0.259004 0.108154 0.259004 0.108398 0.259534 0.109131 0.259534 0.109375 0.260064 0.109619 0.259534 0.112793 0.259534 0.113037 0.259004 0.113037 0.258475 0.113281 0.257945 0.113281 0.254237 0.113525 0.253708 0.113525 0.252648 0.114014 0.251589 0.114014 0.251059 0.114258 0.250530 0.114258 0.247881 0.114014 0.247352 0.113770 0.247352 0.113525 0.246822 0.113281 0.246822 0.113037 0.246292 0.111816 0.246292 0.111572 0.245763 0.110596 0.245763 0.110352 0.245233 0.110107 0.245233 0.109863 0.244703
0 0.042725 0.251589 0.041260 0.249470 0.039062 0.247881 0.040039 0.246292 0.040283 0.245233 0.040039 0.244703 0.037842 0.244703 0.036621 0.245763 0.029297 0.245233 0.027588 0.247352 0.026123 0.247881 0.025391 0.250530 0.025391 0.253178 0.026123 0.255297 0.025391 0.256886 0.023438 0.258475 0.023926 0.259534 0.025635 0.260593 0.026123 0.261653 0.026123 0.262182 0.024658 0.264301 0.023926 0.266419 0.023682 0.269597 0.024170 0.271186 0.024170 0.272246 0.025879 0.275424 0.028564 0.274364 0.029297 0.272775 0.030273 0.273835 0.033691 0.273835 0.033936 0.273305 0.035400 0.272775 0.035645 0.272246 0.034912 0.271186 0.030518 0.271186 0.030273 0.271716 0.029297 0.271716 0.028320 0.269068 0.028076 0.265360 0.028809 0.264301 0.031250 0.263771 0.031738 0.261653 0.032471 0.260593 0.033936 0.260064 0.037109 0.257415 0.038574 0.257415 0.039551 0.254237 0.041992 0.254237 0.042725 0.253178
0 0.091797 0.251589 0.091553 0.251059 0.091064 0.251059 0.090820 0.250530 0.090332 0.250530 0.090088 0.250000 0.089355 0.250000 0.089111 0.249470 0.088623 0.249470 0.087891 0.248411 0.087891 0.245233 0.085938 0.241525 0.085938 0.240466 0.086670 0.238877 0.087158 0.238347 0.087891 0.238347 0.088867 0.237288 0.087891 0.236229 0.087158 0.234640 0.087158 0.233051 0.087646 0.231462 0.086670 0.230403 0.085205 0.230403 0.084961 0.229873 0.084717 0.230403 0.083008 0.230403 0.082764 0.230932 0.081787 0.230932 0.080566 0.233581 0.078125 0.234640 0.077881 0.235169 0.077881 0.236229 0.077393 0.237818 0.077393 0.239407 0.076660 0.242585 0.075928 0.244174 0.074951 0.244174 0.074707 0.244703 0.073730 0.244703 0.073486 0.245233 0.073730 0.246292 0.075439 0.246292 0.075684 0.245763 0.078613 0.245763 0.079590 0.246822 0.080078 0.247881 0.080078 0.248941 0.079590 0.250530 0.079590 0.251059 0.080078 0.252119 0.080566 0.252119 0.080811 0.252648 0.081543 0.252648 0.081787 0.253178 0.083008 0.253178 0.083252 0.253708 0.084473 0.254237 0.084961 0.255297 0.085693 0.253708 0.086182 0.253178 0.086670 0.253178 0.086914 0.252648 0.087891 0.252648 0.088135 0.252119 0.091553 0.252119
0 0.000000 0.301377 0.004883 0.390360 0.038330 0.414725 0.001709 0.467161 0.103271 0.476695 0.103027 0.570445 0.165771 0.639831 0.135010 0.748411 0.209961 0.761653 0.191406 0.980403 0.217529 0.981462 0.232666 0.890890 0.229736 0.992055 0.287109 0.987288 0.252441 0.905191 0.279541 0.880297 0.239502 0.872881 0.247803 0.831038 0.296875 0.855403 0.289062 0.698623 0.432129 0.676907 0.328125 0.544492 0.146729 0.532309 0.270752 0.510593 0.377441 0.566737 0.452881 0.745233 0.342041 0.717691 0.322510 0.820445 0.370605 0.836864 0.379639 0.941737 0.456299 0.881356 0.461182 0.994174 0.498535 0.995763 0.509521 0.878708 0.451904 0.737288 0.522705 0.821504 0.532471 0.632945 0.505859 0.596398 0.508789 0.649894 0.455811 0.634004 0.490967 0.573623 0.473633 0.511123 0.526367 0.588983 0.543213 0.459216 0.535156 0.619703 0.563477 0.652542 0.531738 0.859640 0.548584 0.994703 0.958496 0.995763 0.999756 0.929025 0.996826 0.626589 0.948975 0.570975 0.976074 0.524894 0.943848 0.507945 0.960693 0.469280 0.933838 0.387712 0.837158 0.430614 0.857910 0.355932 0.783203 0.206038 0.724121 0.296081 0.671875 0.199153 0.634277 0.230932 0.660645 0.110169 0.640625 0.039195 0.352295 0.004237 0.407227 0.324682 0.170898 0.418432 0.168213 0.343220 0.125244 0.348517 0.155029 0.346928 0.135010 0.320975 0.154297 0.287076 0.098877 0.283369 0.130615 0.310911 0.086426 0.313559 0.095459 0.345869 0.064941 0.316208 0.096680 0.270657
1 0.000000 0.859110 0.000000 0.997352 0.002686 0.999470 0.178955 0.999470 0.180420 0.995233 0.173340 0.984110 0.163574 0.980932 0.152344 0.962924 0.132568 0.957097 0.129150 0.949153 0.116211 0.935381 0.109131 0.938559 0.099121 0.953390 0.095215 0.954449 0.085938 0.947564 0.076416 0.946504 0.074463 0.942267 0.071045 0.943856 0.062500 0.939089 0.050049 0.942797 0.032959 0.932733 0.029541 0.922140 0.024170 0.922140 0.022461 0.913665 0.013428 0.907839 0.020264 0.888242 0.010498 0.865466 0.010254 0.859110 0.005371 0.855403
