0 0.872559 0.994703 0.863525 0.969809 0.852295 0.970339 0.834473 0.946504 0.807861 0.932733 0.804199 0.921610 0.791504 0.911547 0.786377 0.900953 0.772949 0.894068 0.762207 0.898835 0.737549 0.897246 0.731445 0.882945 0.727539 0.887712 0.720459 0.884004 0.717285 0.890360 0.703613 0.894597 0.677979 0.889831 0.660156 0.897246 0.654541 0.890360 0.650146 0.898835 0.643555 0.890890 0.625488 0.911017 0.623291 0.929555 0.601807 0.938559 0.584473 0.954449 0.571289 0.957627 0.562012 0.969809 0.557617 0.986758 0.557861 0.994703 0.560791 0.999470 0.626465 0.996292 0.869629 0.999470
0 0.506592 0.796610 0.506592 0.798729 0.506836 0.799258 0.506836 0.800318 0.507324 0.801377 0.507324 0.802436 0.507568 0.802966 0.507568 0.803496 0.508057 0.804555 0.508057 0.805085 0.508301 0.805614 0.508301 0.806674 0.510254 0.810911 0.510498 0.810911 0.511230 0.812500 0.511475 0.812500 0.511963 0.813559 0.513184 0.813559 0.513428 0.814089 0.514648 0.814089 0.514893 0.814619 0.515625 0.814619 0.519287 0.806674 0.519287 0.800847 0.519531 0.800318 0.519043 0.799258 0.518799 0.799258 0.518555 0.798729 0.518311 0.798729 0.517822 0.797669 0.517578 0.797669 0.516846 0.796081 0.516602 0.796081 0.515869 0.794492 0.515625 0.794492 0.514893 0.793432 0.514160 0.793432 0.513916 0.792903 0.513428 0.792903 0.513184 0.792373 0.512695 0.792373 0.512451 0.791843 0.511475 0.791843 0.511230 0.792373 0.510742 0.792373 0.510498 0.792903 0.510254 0.792903 0.510010 0.793432 0.509766 0.793432 0.509033 0.794492 0.508545 0.794492 0.508301 0.795021 0.507812 0.795021 0.507568 0.795551 0.507080 0.795551
0 0.557617 0.088453 0.520752 0.068326 0.517334 0.022246 0.479248 0.008475 0.470215 0.025424 0.470215 0.078390 0.446045 0.148835 0.423340 0.137182 0.402344 0.039725 0.387207 0.029661 0.369141 0.129237 0.330322 0.180085 0.322021 0.171610 0.328125 0.111758 0.293213 0.044492 0.261475 0.076271 0.227539 0.011123 0.223877 0.029661 0.195801 0.035487 0.199951 0.064089 0.182617 0.071504 0.204346 0.090572 0.195801 0.116525 0.209961 0.116525 0.219238 0.133475 0.213135 0.154661 0.221436 0.157839 0.183838 0.178496 0.196777 0.201801 0.184570 0.220339 0.195312 0.289725 0.208252 0.291843 0.211182 0.312500 0.194824 0.332097 0.190186 0.379767 0.204346 0.412606 0.192139 0.448623 0.216797 0.490466 0.209229 0.542903 0.235352 0.570975 0.216553 0.594809 0.178955 0.523835 0.117188 0.529131 0.122559 0.572564 0.110107 0.595339 0.121826 0.615996 0.118408 0.654131 0.087646 0.709216 0.100830 0.707627 0.107666 0.730403 0.092773 0.790784 0.107910 0.805614 0.108643 0.835275 0.088379 0.845339 0.074219 0.879237 0.034668 0.869703 0.044189 0.911017 0.000000 0.931674 0.000000 0.995763 0.298584 0.991525 0.295166 0.958157 0.311035 0.902542 0.339844 0.935381 0.346924 0.999470 0.360352 0.921610 0.370605 0.910487 0.380615 0.928496 0.378418 0.999470 0.411377 0.999470 0.437744 0.898305 0.427734 0.854343 0.439453 0.778072 0.461182 0.792373 0.494629 0.768008 0.504883 0.787076 0.536621 0.746822 0.602539 0.734110 0.605225 0.713453 0.563965 0.679555 0.594971 0.647246 0.593750 0.609110 0.576660 0.581568 0.581787 0.547140 0.616211 0.531250 0.606445 0.465042 0.627441 0.377119 0.593262 0.348517 0.608887 0.267479 0.562500 0.247352 0.571533 0.199153 0.553467 0.161547 0.561523 0.131356
1 0.182617 0.994174 0.182617 0.993114 0.182373 0.992585 0.182373 0.992055 0.181885 0.990996 0.181396 0.990996 0.181152 0.990466 0.180420 0.990466 0.180176 0.989936 0.179688 0.989936 0.179443 0.989407 0.178955 0.989407 0.178711 0.988877 0.178467 0.989407 0.174805 0.989407 0.174561 0.989936 0.173828 0.989936 0.173584 0.990466 0.173584 0.990996 0.173828 0.991525 0.174072 0.991525 0.174316 0.992055 0.174805 0.992055 0.175049 0.992585 0.175781 0.992585 0.176025 0.993114 0.176270 0.993114 0.176758 0.994174 0.177246 0.994174 0.177490 0.994703 0.182373 0.994703
1 0.146484 0.970339 0.147461 0.974047 0.151855 0.975636 0.153564 0.978814 0.155029 0.979873 0.156738 0.984640 0.156738 0.985699 0.157227 0.987818 0.158691 0.988347 0.158936 0.988877 0.159912 0.988877 0.160156 0.989407 0.161133 0.989407 0.161377 0.989936 0.162598 0.990466 0.164795 0.993114 0.169189 0.992585 0.170166 0.991525 0.171875 0.988347 0.172607 0.988347 0.172852 0.987818 0.172852 0.986229 0.173096 0.985699 0.173096 0.984640 0.172852 0.984110 0.170410 0.982521 0.166748 0.978814 0.166016 0.977754 0.164551 0.974047 0.163086 0.974047 0.162598 0.973517 0.161865 0.971928 0.161621 0.968750 0.161133 0.967691 0.160645 0.967691 0.160400 0.967161 0.159912 0.967691 0.160156 0.968220 0.160156 0.970339 0.159424 0.971398 0.157715 0.971398 0.156982 0.970339 0.157227 0.968750 0.157715 0.967691 0.159180 0.967691 0.159424 0.967161 0.159180 0.966631 0.154297 0.966631 0.154053 0.967161 0.152344 0.967691 0.150879 0.969809 0.148926 0.967161 0.147461 0.966631 0.146973 0.967691
1 0.508301 0.795551 0.507812 0.796610 0.507812 0.797669 0.508057 0.798199 0.508057 0.798729 0.508545 0.799788 0.508545 0.803496 0.509033 0.804555 0.509033 0.805085 0.509521 0.806144 0.509521 0.806674 0.510254 0.808263 0.510498 0.808263 0.510742 0.808792 0.510742 0.809322 0.511475 0.810911 0.511719 0.810911 0.512207 0.811970 0.512695 0.811970 0.512939 0.812500 0.513672 0.812500 0.513916 0.813030 0.514648 0.813030 0.514893 0.813559 0.515625 0.813559 0.515869 0.813030 0.516113 0.813030 0.518799 0.807203 0.518799 0.806144 0.518555 0.805614 0.518555 0.805085 0.518066 0.803496 0.519043 0.801377 0.519043 0.800318 0.518555 0.799258 0.518066 0.799258 0.517822 0.798729 0.517578 0.798729 0.516602 0.796610 0.516357 0.796610 0.515625 0.795021 0.515381 0.795021 0.515137 0.794492 0.514648 0.794492 0.514404 0.793962 0.514160 0.793962 0.513428 0.792903 0.512939 0.792903 0.512207 0.791843 0.511475 0.791843 0.511230 0.792373 0.510742 0.792373 0.510254 0.793432 0.510010 0.793432 0.509521 0.794492 0.509277 0.794492 0.509033 0.795021 0.508789 0.795021 0.508545 0.795551
1 0.557861 0.088453 0.520996 0.067797 0.516113 0.020127 0.479736 0.007945 0.470215 0.025424 0.469238 0.081038 0.445801 0.148305 0.423096 0.135593 0.418701 0.087924 0.401123 0.037076 0.387207 0.028602 0.368652 0.128708 0.330566 0.180085 0.322021 0.172140 0.328125 0.111758 0.293457 0.044492 0.254883 0.063559 0.227295 0.011123 0.223877 0.029661 0.196045 0.034958 0.200195 0.063559 0.182617 0.071504 0.204102 0.091102 0.195557 0.115996 0.209961 0.117055 0.220215 0.157839 0.183838 0.178496 0.196533 0.202331 0.184570 0.220339 0.198730 0.272246 0.195068 0.289725 0.210938 0.310911 0.194824 0.331568 0.189697 0.379767 0.204346 0.411017 0.191895 0.447034 0.216553 0.490996 0.208984 0.542903 0.235107 0.574153 0.213623 0.593750 0.178711 0.524364 0.117188 0.529661 0.123047 0.574153 0.111084 0.595339 0.112549 0.614407 0.122559 0.615996 0.118652 0.653602 0.088135 0.706568 0.102783 0.705508 0.107666 0.729873 0.101074 0.792903 0.110107 0.814089 0.109131 0.868644 0.158203 0.914195 0.146729 0.942267 0.210205 0.955508 0.216797 0.935911 0.265625 0.916314 0.275635 0.960275 0.290039 0.966631 0.313965 0.891419 0.335938 0.921610 0.347412 0.999470 0.360107 0.921610 0.373291 0.908898 0.380615 0.928496 0.378906 0.999470 0.411377 0.996822 0.435059 0.897246 0.427246 0.854343 0.439453 0.777013 0.459961 0.760064 0.459717 0.782309 0.494873 0.768008 0.505127 0.786547 0.536865 0.746292 0.602295 0.734640 0.605469 0.713453 0.563965 0.678496 0.594971 0.647246 0.594482 0.611229 0.576904 0.584746 0.580078 0.552436 0.616211 0.531780 0.606689 0.465042 0.627686 0.379237 0.593750 0.348517 0.609131 0.267479 0.562256 0.244703 0.571777 0.199153 0.553467 0.161017 0.562012 0.129767
1 0.874512 0.994703 0.863525 0.968750 0.852295 0.969280 0.834717 0.943326 0.808838 0.932733 0.804443 0.920551 0.791748 0.910487 0.786133 0.899894 0.774170 0.893008 0.762695 0.897775 0.737549 0.896186 0.730957 0.881356 0.727295 0.886653 0.720215 0.882415 0.717285 0.889301 0.703125 0.894068 0.677734 0.888771 0.660889 0.896716 0.654297 0.889301 0.650391 0.897775 0.643799 0.888771 0.635742 0.901483 0.624268 0.911017 0.624756 0.924788 0.622314 0.929555 0.570312 0.958157 0.561523 0.970869 0.556641 0.994174 0.557861 0.999470 0.873291 0.999470
1 0.298828 0.983581 0.293457 0.964513 0.284180 0.952331 0.279541 0.908898 0.245605 0.898835 0.225830 0.920551 0.213135 0.921610 0.204834 0.920551 0.202881 0.912076 0.201416 0.918962 0.189453 0.917903 0.192139 0.914195 0.189453 0.905191 0.177979 0.904661 0.187744 0.893538 0.188232 0.879237 0.213379 0.861758 0.203613 0.845339 0.213623 0.840572 0.196045 0.824682 0.178223 0.821504 0.168213 0.808792 0.156006 0.815148 0.145752 0.841631 0.147217 0.847458 0.172363 0.851695 0.174805 0.859110 0.170654 0.869703 0.172363 0.877119 0.168213 0.883475 0.156982 0.879767 0.162842 0.869703 0.160645 0.865466 0.147461 0.863877 0.141846 0.854873 0.128174 0.858051 0.119629 0.844809 0.098389 0.837394 0.085205 0.847458 0.072998 0.877648 0.064453 0.877119 0.057373 0.864936 0.039551 0.860169 0.031738 0.872881 0.041260 0.908369 0.023438 0.912076 0.015381 0.932733 0.005127 0.923729 0.000000 0.925847 0.000000 0.997352 0.291992 0.999470 0.298096 0.993644
1 0.106445 0.775424 0.106201 0.775424 0.105713 0.774364 0.104980 0.774364 0.104736 0.773835 0.104248 0.773835 0.103516 0.772775 0.103027 0.772775 0.102295 0.771186 0.101562 0.771186 0.101318 0.770657 0.099365 0.770657 0.099121 0.770127 0.098877 0.770127 0.097900 0.772246 0.097656 0.772246 0.096436 0.774894 0.096191 0.774894 0.095459 0.775953 0.095459 0.780191 0.095215 0.780720 0.095215 0.781250 0.094971 0.781780 0.094727 0.783369 0.094238 0.784428 0.094238 0.784958 0.093018 0.786547 0.093018 0.787076 0.092529 0.788665 0.092529 0.789725 0.093018 0.790784 0.093262 0.790784 0.094238 0.792903 0.094482 0.792903 0.094727 0.793432 0.095459 0.793432 0.095703 0.793962 0.096680 0.793962 0.096924 0.794492 0.097656 0.794492 0.097900 0.795021 0.098389 0.795021 0.098633 0.795551 0.099121 0.795551 0.099365 0.795021 0.100098 0.794492 0.100830 0.792903 0.100830 0.791843 0.100342 0.790254 0.100586 0.788665 0.101562 0.786547 0.101807 0.786547 0.103271 0.783369 0.103271 0.782839 0.104492 0.780191 0.104736 0.780191 0.104980 0.779661 0.105713 0.779131 0.106201 0.778072 0.106201 0.777542 0.106689 0.776483 0.106689 0.775953
1 0.000000 0.927436 0.000000 0.996292 0.004395 0.999470 0.052979 0.999470 0.056641 0.996822 0.064209 0.997352 0.064697 0.999470 0.089844 0.999470 0.096436 0.996822 0.105469 0.996822 0.107178 0.999470 0.133057 0.999470 0.142578 0.994174 0.139160 0.963453 0.136719 0.959746 0.137939 0.942797 0.134521 0.932203 0.134766 0.924788 0.128418 0.908369 0.123047 0.905191 0.122803 0.900953 0.120117 0.897246 0.088867 0.896186 0.084717 0.886653 0.079102 0.881886 0.064697 0.878178 0.057129 0.864407 0.050537 0.862288 0.043213 0.863877 0.039795 0.858581 0.031738 0.870233 0.034912 0.886653 0.038818 0.894068 0.042236 0.908898 0.032959 0.912606 0.025146 0.911017 0.022461 0.914725 0.022461 0.922140 0.020752 0.926377 0.012451 0.935381 0.007812 0.932733 0.005127 0.923729
