0 0.154785 0.975106 0.154541 0.974576 0.153809 0.974576 0.153320 0.975636 0.153320 0.977754 0.153076 0.978284 0.153076 0.978814 0.152832 0.979343 0.152344 0.979343 0.152100 0.979873 0.149902 0.979873 0.149658 0.979343 0.148682 0.979343 0.148438 0.978814 0.148193 0.978814 0.147705 0.977754 0.147217 0.978814 0.147217 0.979343 0.146973 0.979873 0.146973 0.980932 0.147217 0.981462 0.147217 0.981992 0.147461 0.982521 0.147705 0.982521 0.147949 0.981992 0.148193 0.981992 0.148438 0.981462 0.149658 0.981462 0.149902 0.980932 0.153076 0.980932 0.153320 0.980403 0.153809 0.980403 0.154053 0.979873 0.154541 0.979873 0.154785 0.979343
0 0.441406 0.944386 0.441406 0.944915 0.441650 0.945445 0.448730 0.945445 0.448975 0.944915 0.448975 0.944386 0.448730 0.943856 0.441650 0.943856
0 0.417236 0.940678 0.416992 0.941208 0.416992 0.948093 0.417236 0.948623 0.417725 0.948623 0.418701 0.950742 0.419189 0.950742 0.419678 0.951801 0.419922 0.951801 0.420410 0.950742 0.420898 0.950742 0.421631 0.949153 0.421631 0.947564 0.421387 0.947034 0.421143 0.947034 0.420166 0.949153 0.419434 0.949153 0.418457 0.947034 0.417969 0.947034 0.417725 0.946504 0.417725 0.941208 0.417480 0.940678
0 0.437744 0.927966 0.437500 0.928496 0.437500 0.930614 0.437256 0.931144 0.437012 0.931144 0.436768 0.931674 0.437256 0.932733 0.437500 0.932203 0.437744 0.932733 0.438232 0.932733 0.438477 0.933263 0.438477 0.934322 0.438965 0.935381 0.438965 0.937500 0.439453 0.938559 0.439453 0.940148 0.439209 0.940678 0.438965 0.940678 0.438721 0.940148 0.438721 0.939089 0.438232 0.938030 0.438232 0.935911 0.437744 0.934852 0.437500 0.935381 0.437500 0.938030 0.437256 0.938559 0.437500 0.939089 0.437744 0.939089 0.438477 0.940678 0.438477 0.942797 0.438965 0.943856 0.438965 0.944915 0.439209 0.945445 0.439453 0.945445 0.439697 0.944915 0.439697 0.943856 0.440186 0.942797 0.440186 0.940678 0.440674 0.939619 0.440918 0.940148 0.441162 0.939619 0.440918 0.939089 0.440674 0.939619 0.440430 0.939619 0.440186 0.939089 0.440186 0.938030 0.439697 0.936970 0.439697 0.934852 0.439209 0.933792 0.439209 0.929555 0.438477 0.927966
0 0.434082 0.926907 0.433594 0.927436 0.433350 0.929025 0.432373 0.929025 0.431885 0.931144 0.432617 0.932203 0.432617 0.948623 0.432373 0.949153 0.432617 0.951801 0.432129 0.952860 0.431885 0.958686 0.433594 0.963453 0.433594 0.967161 0.432861 0.968220 0.431641 0.971928 0.431641 0.974047 0.431152 0.975106 0.431152 0.977225 0.431885 0.978284 0.432373 0.977754 0.432617 0.978284 0.432373 0.979343 0.433105 0.980403 0.432373 0.990466 0.432373 0.994703 0.432617 0.995233 0.433105 0.992585 0.433105 0.986758 0.433594 0.984110 0.433350 0.983581 0.434326 0.981992 0.434082 0.980403 0.435303 0.975636 0.435059 0.975106 0.435059 0.971928 0.435547 0.969809 0.435303 0.968220 0.435791 0.967691 0.436279 0.969809 0.436768 0.969280 0.436768 0.966631 0.436035 0.965572 0.436035 0.959746 0.436279 0.959216 0.436523 0.959746 0.436523 0.962394 0.437012 0.963453 0.437256 0.962924 0.437256 0.958686 0.437012 0.958157 0.438232 0.955508 0.438232 0.949153 0.441162 0.948093 0.440918 0.947034 0.437744 0.947034 0.437500 0.947564 0.437500 0.950742 0.437256 0.951271 0.437012 0.950742 0.436768 0.947034 0.437256 0.944386 0.437012 0.943326 0.437256 0.941208 0.436768 0.940148 0.436279 0.941737 0.437012 0.943326 0.435791 0.944915 0.435547 0.944386 0.435791 0.937500 0.435547 0.936970 0.434814 0.939089 0.434082 0.938030 0.434082 0.934852 0.433350 0.933792 0.433350 0.932733 0.434082 0.931144 0.434326 0.931674 0.434814 0.931144
0 0.426025 0.917903 0.425781 0.918432 0.425781 0.939619 0.426025 0.940148 0.426270 0.940148 0.426514 0.939619 0.426514 0.923729 0.427002 0.922669 0.427002 0.922140 0.426514 0.921081 0.426514 0.918962
0 0.416748 0.906780 0.416504 0.907309 0.416504 0.908898 0.417969 0.912076 0.417969 0.920021 0.418213 0.920551 0.418701 0.919492 0.418701 0.917373 0.419189 0.916314 0.419189 0.913136 0.419434 0.912606 0.419922 0.912606 0.420410 0.911547 0.421387 0.911547 0.421631 0.911017 0.421631 0.910487 0.421387 0.909958 0.420166 0.909958 0.419678 0.911017 0.417969 0.911017 0.417725 0.910487 0.417725 0.907309 0.417480 0.906780
0 0.437744 0.875530 0.437500 0.876059 0.437500 0.884004 0.436768 0.885593 0.436035 0.884004 0.435791 0.884004 0.435547 0.884534 0.435547 0.885064 0.434814 0.886653 0.434570 0.886653 0.434326 0.887182 0.434326 0.890360 0.434814 0.891419 0.434814 0.891949 0.435547 0.894068 0.435547 0.897246 0.434326 0.899894 0.434326 0.900424 0.434082 0.900953 0.434082 0.902013 0.434326 0.902542 0.434326 0.905720 0.434570 0.906250 0.434570 0.914725 0.434326 0.915254 0.433838 0.915254 0.433594 0.915784 0.433594 0.916843 0.433838 0.917373 0.434082 0.916843 0.434570 0.916843 0.435791 0.914195 0.435791 0.913136 0.436035 0.912606 0.436523 0.914195 0.436768 0.913665 0.436768 0.908369 0.436523 0.907839 0.436523 0.907309 0.437256 0.905720 0.437256 0.898305 0.437744 0.897246 0.437744 0.895657 0.438232 0.894068 0.438232 0.893538 0.437500 0.890890 0.437500 0.888771 0.437744 0.888242 0.437744 0.886653 0.438232 0.885593 0.438232 0.883475 0.438721 0.882415 0.438721 0.879767 0.438232 0.878708 0.438232 0.876589
0 0.435547 0.860699 0.435303 0.860699 0.435059 0.861229 0.434570 0.861229 0.434326 0.861758 0.434082 0.861758 0.433594 0.862818 0.433838 0.863347 0.433838 0.863877 0.434082 0.864407 0.434082 0.864936 0.434326 0.865466 0.434326 0.865996 0.434570 0.866525 0.434570 0.869174 0.434326 0.869703 0.434326 0.870233 0.433594 0.871822 0.433350 0.871822 0.432617 0.873411 0.432617 0.876589 0.432861 0.877119 0.433105 0.877119 0.434570 0.880297 0.436035 0.877119 0.436035 0.872352 0.436523 0.871292 0.436523 0.870763 0.437012 0.869703 0.437012 0.869174 0.436768 0.868644 0.436768 0.868114 0.436279 0.867055 0.436035 0.867055 0.435791 0.866525 0.435303 0.866525 0.435059 0.865996 0.435303 0.865466 0.435547 0.865466 0.436279 0.863877 0.436279 0.862288
0 0.443604 0.825742 0.443359 0.825742 0.442871 0.826801 0.442871 0.832097 0.442383 0.833157 0.442383 0.834746 0.442871 0.835805 0.443115 0.835805 0.443359 0.835275 0.443848 0.835275 0.444824 0.833157 0.444824 0.832627 0.444580 0.832097 0.444580 0.830508 0.444824 0.829979 0.444824 0.827331 0.444336 0.826271 0.443848 0.826271
0 0.437500 0.780191 0.437500 0.780720 0.437744 0.781250 0.441406 0.781250 0.441650 0.780720 0.441650 0.780191 0.441406 0.779661 0.440430 0.779661 0.440186 0.779131 0.440186 0.777013 0.439697 0.775953 0.439697 0.774894 0.439453 0.774364 0.439209 0.774364 0.438965 0.774894 0.438965 0.775953 0.438477 0.777013 0.438477 0.779131 0.438232 0.779661 0.437744 0.779661
0 0.433105 0.658898 0.433594 0.659958 0.433594 0.662076 0.433838 0.662606 0.437012 0.662606 0.437256 0.662076 0.437256 0.659428 0.437012 0.658898 0.433594 0.658898 0.433350 0.658369
0 0.708252 0.059322 0.708252 0.060381 0.708496 0.060911 0.708496 0.061441 0.708740 0.061970 0.708984 0.061970 0.709229 0.062500 0.709961 0.062500 0.710205 0.063030 0.710938 0.063030 0.711182 0.063559 0.711426 0.063559 0.711670 0.064089 0.712891 0.064089 0.713135 0.064619 0.713379 0.064619 0.713867 0.063559 0.713135 0.061970 0.712891 0.061970 0.712158 0.060381 0.711670 0.060381 0.711426 0.059852 0.711182 0.059852 0.710938 0.059322 0.710693 0.059322 0.710205 0.058263 0.708740 0.058263
0 0.707031 0.025424 0.707031 0.029661 0.707275 0.030191 0.707275 0.030720 0.707520 0.031250 0.707520 0.031780 0.707764 0.032309 0.707764 0.032839 0.708496 0.034428 0.708740 0.034428 0.708984 0.034958 0.709229 0.034958 0.709473 0.035487 0.709717 0.035487 0.709961 0.036017 0.710205 0.036017 0.710693 0.037076 0.711182 0.037076 0.711426 0.037606 0.711914 0.037606 0.712158 0.038136 0.712891 0.038136 0.713135 0.038665 0.714111 0.038665 0.714355 0.038136 0.714600 0.038136 0.715088 0.037076 0.715088 0.034958 0.714600 0.033898 0.714111 0.033898 0.713867 0.033369 0.713135 0.033369 0.712891 0.032839 0.713379 0.031780 0.713867 0.031780 0.714111 0.031250 0.715332 0.031250 0.715576 0.030720 0.715576 0.029131 0.716309 0.027542 0.716553 0.027542 0.716797 0.027013 0.717041 0.027013 0.717529 0.025953 0.717285 0.025424 0.716797 0.025424 0.716553 0.024894 0.713867 0.024894 0.713135 0.023835 0.712646 0.023835 0.712402 0.023305 0.711182 0.023305 0.710938 0.022775 0.709717 0.022775 0.709473 0.023305 0.708740 0.023305 0.708496 0.023835 0.708008 0.023835 0.707520 0.024894 0.707275 0.024894
0 0.743652 0.008475 0.744385 0.010064 0.744385 0.010593 0.744629 0.011123 0.745117 0.011123 0.745361 0.010593 0.745850 0.010593 0.746094 0.010064 0.746338 0.010064 0.747070 0.008475 0.747070 0.007945 0.748291 0.005297 0.749268 0.005297 0.749512 0.004767 0.749268 0.004237 0.748291 0.004237 0.747070 0.001589 0.747070 0.000000 0.743896 0.000000 0.743896 0.002119 0.743652 0.002648
0 0.000000 0.564619 0.036621 0.543432 0.025879 0.586864 0.052246 0.560381 0.028564 0.658369 0.078369 0.653072 0.051514 0.719809 0.078125 0.778072 0.102051 0.763242 0.112305 0.706038 0.156250 0.747881 0.159424 0.800318 0.135742 0.845339 0.155273 0.859110 0.162842 0.917903 0.102295 0.970339 0.108398 0.994703 0.133301 0.959746 0.164795 0.962924 0.150879 0.995233 0.264404 0.977225 0.254883 0.995233 0.355957 0.994703 0.354248 0.817267 0.371582 0.994703 0.388672 0.987288 0.377686 0.956568 0.391357 0.926377 0.411621 0.941737 0.413818 0.995763 0.429443 0.976165 0.413818 0.977225 0.403076 0.858051 0.423096 0.897246 0.437988 0.834746 0.425293 0.630297 0.452881 0.659958 0.460449 0.921610 0.502441 0.850106 0.523682 0.873411 0.532715 0.933263 0.553955 0.941208 0.578857 0.869174 0.588135 0.768008 0.612793 0.799258 0.629395 0.764831 0.608398 0.719809 0.645264 0.688559 0.622803 0.645127 0.674072 0.646186 0.682617 0.615996 0.660400 0.560381 0.706299 0.528602 0.705566 0.484110 0.735107 0.456568 0.727051 0.377119 0.760254 0.348517 0.703369 0.216102 0.664795 0.216631 0.661865 0.164725 0.619629 0.136653 0.602051 0.158369 0.625488 0.060911 0.605225 0.003178 0.359375 0.000000 0.394531 0.109110 0.382568 0.130826 0.359131 0.068326 0.296143 0.000000 0.271729 0.005297 0.265625 0.055085 0.238525 0.078919 0.222656 0.064089 0.218018 0.000000 0.094971 0.002648 0.122803 0.077860 0.104980 0.109110 0.140869 0.171610 0.157227 0.135593 0.180420 0.167903 0.176758 0.243644 0.156738 0.278602 0.178223 0.331568 0.171143 0.351165 0.105957 0.314619 0.074951 0.344809 0.089355 0.363347 0.008301 0.400953 0.000000 0.431144 0.053711 0.494703
