0 0.249756 0.000000 0.244873 0.033369 0.254883 0.056674 0.248047 0.078919 0.267822 0.168432 0.261963 0.212394 0.275879 0.248941 0.241455 0.279131 0.238037 0.328390 0.245117 0.351695 0.220215 0.382945 0.218750 0.419492 0.195068 0.453919 0.194580 0.513242 0.256592 0.576801 0.261230 0.607521 0.234131 0.625000 0.205811 0.620233 0.189209 0.656780 0.164795 0.657309 0.144043 0.696504 0.166260 0.705508 0.160889 0.751589 0.170410 0.767479 0.200684 0.770127 0.209961 0.800847 0.245850 0.820445 0.258301 0.912606 0.255127 0.974576 0.271729 0.999470 0.309570 0.999470 0.324707 0.957627 0.362793 0.909428 0.383057 0.936970 0.375488 0.999470 0.602783 0.999470 0.629395 0.925318 0.619629 0.904131 0.626465 0.852754 0.650879 0.877648 0.674072 0.851165 0.709473 0.858051 0.687256 0.830508 0.675049 0.756886 0.688477 0.744703 0.703369 0.789725 0.716797 0.779661 0.728760 0.793432 0.733398 0.716631 0.721680 0.683792 0.729736 0.645127 0.745117 0.640360 0.739014 0.590572 0.768799 0.584746 0.768555 0.566208 0.748535 0.564089 0.693848 0.497881 0.649170 0.488347 0.641602 0.467691 0.625244 0.488347 0.600342 0.462924 0.586670 0.467161 0.580811 0.456038 0.591064 0.374470 0.583740 0.344809 0.567139 0.350106 0.557861 0.335275 0.558105 0.290254 0.538574 0.273305 0.529297 0.296610 0.512207 0.296081 0.502930 0.257415 0.476562 0.231462 0.474121 0.177436 0.458252 0.158369 0.413086 0.154131 0.387695 0.102225 0.370605 0.115996 0.353027 0.102225 0.317139 0.000000
1 0.741455 0.594280 0.741455 0.599047 0.741943 0.600106 0.742920 0.604873 0.743408 0.605932 0.745117 0.607521 0.746582 0.609640 0.748047 0.612818 0.749512 0.613347 0.751221 0.614936 0.752686 0.614936 0.752930 0.614407 0.754639 0.613347 0.756104 0.609640 0.757568 0.607521 0.758057 0.607521 0.759033 0.606462 0.763916 0.606462 0.764160 0.606992 0.765869 0.607521 0.766113 0.606992 0.768799 0.605932 0.769043 0.605403 0.769043 0.603814 0.770020 0.598517 0.769531 0.596398 0.768799 0.594809 0.768066 0.594809 0.767822 0.594280 0.767090 0.594280 0.766846 0.593750 0.765625 0.593220 0.764160 0.591102 0.762939 0.587924 0.760986 0.587924 0.760254 0.588983 0.759766 0.588983 0.758057 0.590572 0.756592 0.590572 0.756348 0.591102 0.756104 0.590572 0.754639 0.590572 0.754395 0.590042 0.753174 0.589513 0.752197 0.587924 0.750000 0.587924 0.749756 0.588453 0.748291 0.588453 0.748047 0.588983 0.747070 0.588983 0.746826 0.588453 0.744385 0.588453
1 0.404785 0.072564 0.411865 0.097987 0.427979 0.107521 0.428711 0.154661 0.458252 0.157839 0.474121 0.176907 0.476807 0.231462 0.502930 0.256886 0.512207 0.295551 0.529297 0.296081 0.543213 0.272775 0.561279 0.296081 0.558105 0.335275 0.565186 0.348517 0.595947 0.347458 0.587402 0.395657 0.589844 0.431144 0.581055 0.456038 0.586670 0.466631 0.601318 0.462394 0.625244 0.487818 0.636963 0.467161 0.650635 0.488347 0.682617 0.482521 0.734131 0.537606 0.823975 0.590042 0.867920 0.631356 0.857910 0.674258 0.862793 0.702860 0.893555 0.683263 0.896240 0.716631 0.911621 0.736229 0.952393 0.733581 0.999756 0.807733 0.999756 0.744174 0.953613 0.668962 0.966797 0.634004 0.999756 0.670021 0.999756 0.606992 0.899170 0.485699 0.903809 0.435381 0.925537 0.418962 0.940918 0.458686 0.964844 0.448623 0.973633 0.475636 0.999756 0.459216 0.999756 0.362288 0.975586 0.379767 0.969482 0.359110 0.980469 0.331568 0.944824 0.332097 0.938232 0.317797 0.944336 0.280191 0.999756 0.300847 0.999756 0.000000 0.456299 0.000000 0.455566 0.058792 0.436523 0.068326 0.417480 0.048199
1 0.189453 0.581038 0.181152 0.581038 0.153320 0.614936 0.136475 0.618644 0.119873 0.664195 0.114502 0.668432 0.105713 0.663665 0.104248 0.682733 0.098145 0.690148 0.077637 0.673729 0.047852 0.661547 0.015625 0.667903 0.008545 0.648305 0.010010 0.633475 0.000000 0.627119 0.000000 0.739936 0.007324 0.745763 0.010010 0.755297 0.008301 0.768008 0.000000 0.777542 0.000000 0.999470 0.248779 0.999470 0.249023 0.980403 0.243896 0.970339 0.243164 0.957627 0.243896 0.934322 0.247803 0.922140 0.245850 0.888771 0.251221 0.865466 0.246338 0.855403 0.241455 0.825742 0.234131 0.810381 0.224365 0.804025 0.209717 0.810381 0.201660 0.799788 0.189697 0.804025 0.182617 0.781250 0.149902 0.764301 0.145508 0.753708 0.146729 0.713983 0.139160 0.703919 0.138184 0.681144 0.156738 0.662076 0.179443 0.627119 0.191162 0.594809
2 0.416504 0.887712 0.416992 0.893538 0.416016 0.900953 0.414062 0.902542 0.413330 0.906780 0.414062 0.916843 0.412109 0.920021 0.415283 0.918962 0.415283 0.915254 0.416748 0.914725 0.416992 0.923199 0.415039 0.926907 0.414795 0.932203 0.413818 0.931674 0.413574 0.923729 0.412842 0.929025 0.411377 0.927966 0.412109 0.931674 0.411133 0.948623 0.412842 0.951801 0.414062 0.950212 0.414062 0.957097 0.412354 0.954449 0.410645 0.956568 0.412109 0.957627 0.411621 0.961335 0.413330 0.960275 0.413574 0.962394 0.412109 0.963983 0.411133 0.968750 0.411621 0.978284 0.410156 0.982521 0.413818 0.982521 0.414062 0.984640 0.410156 0.985169 0.409668 0.990996 0.411133 0.991525 0.411133 0.999470 0.420166 0.999470 0.420410 0.997352 0.421387 0.999470 0.422607 0.999470 0.422852 0.997352 0.423340 0.999470 0.424072 0.989936 0.422363 0.994174 0.421387 0.992055 0.420898 0.995763 0.419678 0.992585 0.420654 0.990996 0.420654 0.983051 0.418457 0.983051 0.418945 0.987818 0.417725 0.987818 0.417725 0.977754 0.419434 0.980403 0.420166 0.978814 0.418701 0.974576 0.417236 0.974047 0.416748 0.957627 0.417480 0.954449 0.416260 0.949153 0.416748 0.940678 0.417480 0.940678 0.417480 0.948623 0.418457 0.949153 0.419434 0.955508 0.418213 0.957627 0.417969 0.954979 0.417969 0.961335 0.418945 0.963453 0.420654 0.961335 0.421143 0.955508 0.422119 0.956038 0.423584 0.952860 0.423584 0.950212 0.421631 0.950742 0.421631 0.944915 0.417725 0.943856 0.419189 0.943326 0.419678 0.937500 0.421631 0.935911 0.421875 0.931674 0.423584 0.942267 0.423096 0.927966 0.424561 0.926377 0.425049 0.928496 0.427490 0.917373 0.425781 0.919492 0.425537 0.924258 0.423340 0.923729 0.423096 0.920551 0.425537 0.917903 0.425537 0.915784 0.424072 0.914725 0.425049 0.908898 0.421875 0.908898 0.421631 0.906780 0.425537 0.906250 0.426025 0.900953 0.426758 0.907309 0.425537 0.910487 0.427490 0.913136 0.427490 0.899364 0.426514 0.899894 0.426758 0.891949 0.426025 0.895127 0.425293 0.891949 0.417969 0.891949 0.417725 0.887712
2 0.467773 0.871292 0.467773 0.871822 0.467529 0.872352 0.467285 0.871822 0.466797 0.871822 0.466797 0.872352 0.467041 0.872352 0.467285 0.872881 0.467285 0.873411 0.467529 0.873411 0.467773 0.873941 0.467773 0.874470 0.467529 0.875000 0.467285 0.875000 0.467285 0.875530 0.468506 0.875530 0.468750 0.876059 0.468750 0.880826 0.468994 0.880826 0.469238 0.881356 0.469238 0.897246 0.469482 0.897775 0.470215 0.897775 0.470215 0.894068 0.469971 0.893538 0.469971 0.892479 0.470215 0.891949 0.470215 0.888242 0.470459 0.887712 0.470459 0.884534 0.470215 0.884534 0.469971 0.884004 0.469971 0.883475 0.470215 0.882945 0.470459 0.882945 0.470459 0.881886 0.469971 0.880826 0.469971 0.877648 0.469727 0.877119 0.469727 0.876589 0.469482 0.876059 0.469482 0.875530 0.469238 0.875000 0.469238 0.875530 0.468994 0.876059 0.468750 0.876059 0.468506 0.875530 0.468506 0.872352 0.468262 0.871822 0.468262 0.871292 0.468262 0.871822 0.468018 0.872352 0.467773 0.871822
2 0.425537 0.798199 0.424072 0.798729 0.422852 0.800847 0.417725 0.801907 0.414795 0.804555 0.414795 0.805614 0.416260 0.806144 0.416016 0.804555 0.416748 0.802966 0.417236 0.804025 0.416748 0.805614 0.417480 0.806144 0.416992 0.809322 0.417480 0.813030 0.416992 0.815148 0.417969 0.816737 0.417969 0.820975 0.416992 0.824153 0.416504 0.823623 0.416504 0.827860 0.417480 0.829979 0.416504 0.831038 0.416992 0.836335 0.415527 0.839513 0.416504 0.850106 0.415527 0.850636 0.414795 0.847458 0.414062 0.849047 0.416016 0.854343 0.417236 0.854343 0.417725 0.853284 0.417725 0.848517 0.418457 0.848517 0.418457 0.857521 0.417969 0.858051 0.417725 0.855932 0.416016 0.855932 0.416016 0.857521 0.418457 0.860169 0.418945 0.862288 0.418457 0.867055 0.418945 0.868114 0.418213 0.869703 0.417725 0.869174 0.417725 0.862288 0.417236 0.861229 0.415527 0.861758 0.416504 0.863347 0.416016 0.865996 0.416992 0.867585 0.416016 0.868644 0.416504 0.877648 0.416992 0.879767 0.418457 0.880297 0.418213 0.881356 0.416504 0.881356 0.416504 0.882945 0.417725 0.882945 0.417969 0.886123 0.419434 0.889301 0.425293 0.889301 0.425781 0.885064 0.426270 0.885593 0.426270 0.888242 0.427002 0.888771 0.427979 0.864407 0.428711 0.864936 0.429932 0.860699 0.429688 0.858051 0.430176 0.857521 0.430420 0.847458 0.428223 0.847458 0.428711 0.850106 0.427490 0.851695 0.427002 0.849576 0.428467 0.842161 0.429443 0.841102 0.429688 0.842161 0.430420 0.838983 0.430420 0.834746 0.431396 0.830508 0.430908 0.829979 0.430908 0.824153 0.431641 0.823093 0.431641 0.820445 0.430908 0.822034 0.429932 0.820975 0.431396 0.819386 0.429688 0.804025
2 0.408936 0.699153 0.409180 0.722987 0.409668 0.724047 0.410645 0.720339 0.410156 0.724047 0.411133 0.724576 0.411133 0.728814 0.412598 0.733581 0.412598 0.743114 0.414062 0.744174 0.415527 0.750530 0.416992 0.767479 0.418945 0.763242 0.418945 0.766419 0.419922 0.765890 0.419434 0.777013 0.417236 0.776483 0.416992 0.789195 0.418213 0.788665 0.418213 0.791843 0.422363 0.795551 0.428711 0.795021 0.430176 0.793432 0.430664 0.789725 0.430176 0.786547 0.428467 0.787606 0.429199 0.764831 0.430420 0.761653 0.431885 0.763242 0.431396 0.754237 0.433105 0.750530 0.434082 0.751589 0.433594 0.748941 0.435547 0.746292 0.435791 0.740466 0.435303 0.742585 0.434082 0.741525 0.434814 0.737818 0.433838 0.733051 0.432861 0.736758 0.432373 0.731992 0.431885 0.736758 0.432617 0.737288 0.433105 0.746292 0.429688 0.748941 0.429443 0.745233 0.430908 0.745233 0.431885 0.740466 0.429688 0.742585 0.426270 0.738347 0.427734 0.744703 0.429199 0.745763 0.429688 0.751589 0.426514 0.753178 0.423828 0.759534 0.422607 0.753178 0.424561 0.753708 0.424072 0.746292 0.422119 0.746292 0.422607 0.737288 0.421387 0.738347 0.421631 0.736229 0.418457 0.738347 0.417969 0.735169 0.422119 0.733581 0.423828 0.737288 0.424316 0.742055 0.424805 0.739407 0.423584 0.734110 0.424561 0.729873 0.422119 0.727754 0.421143 0.728814 0.420898 0.727225 0.419434 0.728814 0.419189 0.726695 0.417969 0.726695 0.417969 0.731462 0.419434 0.731992 0.418213 0.734110 0.416992 0.728284 0.415771 0.727754 0.416260 0.725636 0.414795 0.720339 0.413574 0.720339 0.412842 0.717691 0.413574 0.714513 0.416748 0.717691 0.416260 0.711864 0.417480 0.710805 0.415283 0.708157 0.415283 0.705508 0.413818 0.704979 0.415771 0.697034 0.414795 0.699153 0.410400 0.699153 0.411621 0.704979 0.412354 0.703919 0.412598 0.706038 0.414062 0.706568 0.411377 0.720339 0.411133 0.709216 0.409668 0.706568
2 0.468506 0.682203 0.468262 0.681674 0.468018 0.682203 0.467529 0.682203 0.467041 0.681144 0.466553 0.681144 0.466064 0.682203 0.465820 0.682203 0.465820 0.685911 0.465576 0.686441 0.465088 0.686441 0.464600 0.687500 0.464355 0.687500 0.464355 0.688559 0.464111 0.689089 0.463379 0.689089 0.463623 0.689619 0.463379 0.690148 0.463379 0.692267 0.463623 0.691737 0.464844 0.691737 0.464844 0.691208 0.465088 0.690678 0.465332 0.690678 0.466064 0.689089 0.466797 0.689089 0.467041 0.688559 0.467285 0.688559 0.467529 0.688030 0.467529 0.687500 0.467285 0.686970 0.467773 0.685911 0.468262 0.685911 0.468750 0.684852 0.468506 0.684322 0.468750 0.683792 0.468506 0.683263
2 0.996094 0.667373 0.996094 0.667903 0.996338 0.667903 0.996582 0.668432 0.996582 0.672140 0.997070 0.672140 0.997314 0.672669 0.997559 0.672669 0.998047 0.673729 0.999756 0.673729 0.999756 0.672669 0.999512 0.672669 0.999268 0.672140 0.999268 0.671610 0.999023 0.671610 0.998779 0.671081 0.998779 0.670021 0.998535 0.669492 0.998291 0.669492 0.997559 0.667903 0.997559 0.668432 0.997314 0.668962 0.996582 0.667373
2 0.393066 0.657839 0.393066 0.658369 0.392822 0.658898 0.392578 0.658898 0.392578 0.659958 0.392822 0.660487 0.392822 0.661017 0.393066 0.661547 0.393066 0.662606 0.393311 0.662606 0.393555 0.663136 0.393555 0.665254 0.393799 0.665784 0.394043 0.665784 0.394531 0.666843 0.394531 0.667903 0.394775 0.667903 0.395020 0.668432 0.395264 0.668432 0.395508 0.668962 0.395752 0.668962 0.395996 0.669492 0.396240 0.669492 0.396484 0.670021 0.396729 0.670021 0.396729 0.668432 0.396973 0.667903 0.396973 0.664725 0.396729 0.664725 0.396484 0.664195 0.396484 0.663665 0.396240 0.663665 0.395996 0.663136 0.395996 0.662606 0.395752 0.662606 0.395508 0.662076 0.395508 0.661547 0.395264 0.661017 0.395508 0.660487 0.395264 0.659958 0.395264 0.659428 0.395020 0.658898 0.395020 0.658369 0.394775 0.658369 0.394531 0.657839 0.394775 0.657309 0.395020 0.657309 0.394775 0.657309 0.394531 0.656780 0.394775 0.657309 0.394531 0.657839 0.394531 0.658369 0.394287 0.658898 0.393555 0.658898 0.393311 0.658369 0.393311 0.657839
2 0.440186 0.650424 0.438721 0.658898 0.434570 0.661017 0.435059 0.653602 0.431152 0.654661 0.431396 0.661017 0.430664 0.655191 0.430420 0.660487 0.429199 0.656780 0.430420 0.689619 0.434570 0.716102 0.442139 0.728814 0.444336 0.748411 0.442383 0.755297 0.445312 0.782309 0.441162 0.789725 0.441650 0.802966 0.445312 0.804025 0.445312 0.811970 0.442627 0.810911 0.446289 0.828390 0.449219 0.832097 0.449219 0.838983 0.452148 0.843220 0.450684 0.847458 0.455322 0.859640 0.456543 0.872352 0.458008 0.870763 0.458496 0.879767 0.460938 0.883475 0.459473 0.889301 0.463135 0.888242 0.464844 0.880826 0.464600 0.891949 0.459473 0.890890 0.460449 0.905720 0.461182 0.899894 0.461914 0.920021 0.460938 0.916314 0.458496 0.999470 0.465820 0.999470 0.465576 0.977754 0.469482 0.969280 0.469482 0.960805 0.470947 0.970869 0.467773 0.924788 0.468506 0.882415 0.467285 0.880297 0.467773 0.892479 0.465576 0.891419 0.467041 0.881886 0.465332 0.872881 0.465088 0.878178 0.462158 0.873411 0.462158 0.864936 0.460693 0.867585 0.460449 0.844280 0.453857 0.813559 0.450928 0.811970 0.447998 0.784428 0.448730 0.780191 0.449707 0.782839 0.447998 0.745763 0.449707 0.745763 0.450928 0.735169 0.447998 0.733581 0.446533 0.724576 0.450195 0.708157 0.453613 0.704979 0.452148 0.702860 0.460938 0.693856 0.457275 0.690678 0.456787 0.697034 0.451904 0.694915 0.448730 0.707097 0.447266 0.706568 0.448486 0.702860 0.445557 0.709746 0.442627 0.709746 0.440186 0.698093 0.442383 0.694386 0.444580 0.663665 0.443115 0.659958 0.445068 0.656780 0.443359 0.652013 0.440918 0.655720
2 0.398438 0.636653 0.398438 0.646716 0.398193 0.647246 0.396973 0.647246 0.397949 0.647246 0.398193 0.647775 0.398438 0.647775 0.398926 0.649364 0.398682 0.648835 0.398682 0.648305 0.398926 0.647775 0.400146 0.647775 0.400391 0.648305 0.400391 0.648835 0.400635 0.648835 0.400879 0.649364 0.400879 0.650424 0.401367 0.651483 0.401367 0.652013 0.402100 0.652013 0.402344 0.652542 0.402344 0.654131 0.402100 0.654661 0.401855 0.654661 0.402344 0.655720 0.402344 0.656250 0.402588 0.656250 0.402832 0.656780 0.402832 0.657309 0.403076 0.657839 0.403076 0.658369 0.403076 0.657839 0.403320 0.657309 0.403564 0.657309 0.403564 0.656780 0.403076 0.655191 0.403076 0.654131 0.402832 0.654131 0.402588 0.653602 0.402588 0.651483 0.402100 0.651483 0.401855 0.650953 0.401855 0.650424 0.401611 0.649894 0.401611 0.649364 0.400879 0.648305 0.401123 0.647775 0.402100 0.647775 0.402344 0.648305 0.402344 0.649894 0.403076 0.649894 0.403076 0.649364 0.402832 0.649364 0.402588 0.648835 0.402588 0.648305 0.402344 0.648305 0.402100 0.647775 0.402100 0.645657 0.401855 0.645127 0.401855 0.644597 0.402100 0.644068 0.401611 0.643008 0.401367 0.643008 0.401123 0.642479 0.400879 0.642479 0.400635 0.641949 0.400391 0.641949 0.400146 0.641419 0.399902 0.641419 0.398682 0.638771 0.398682 0.637712 0.398438 0.637182
2 0.387695 0.620763 0.387695 0.622352 0.388184 0.623411 0.388428 0.623411 0.388672 0.623941 0.388672 0.624470 0.388916 0.624470 0.389160 0.625000 0.388672 0.626059 0.389648 0.627648 0.389648 0.629237 0.389648 0.628708 0.389893 0.628178 0.390137 0.628178 0.390381 0.628708 0.390137 0.629237 0.390137 0.630826 0.390625 0.631886 0.390625 0.632415 0.390869 0.631886 0.391846 0.631886 0.392090 0.632415 0.392090 0.632945 0.392822 0.632945 0.393066 0.633475 0.393066 0.635064 0.393555 0.635064 0.394043 0.636123 0.394043 0.636653 0.395020 0.638771 0.395020 0.641419 0.396484 0.641419 0.396973 0.642479 0.396973 0.643008 0.396729 0.643538 0.397217 0.643538 0.396973 0.643008 0.396973 0.641949 0.397217 0.641419 0.397705 0.641419 0.397705 0.635593 0.396484 0.635593 0.396240 0.635064 0.396240 0.632415 0.395996 0.632415 0.395752 0.631886 0.395752 0.630297 0.395508 0.630297 0.395264 0.629767 0.395264 0.629237 0.393799 0.629237 0.393066 0.627648 0.392822 0.626059 0.392578 0.626059 0.392334 0.625530 0.392334 0.625000 0.392578 0.624470 0.392822 0.624470 0.392822 0.623941 0.392578 0.623941 0.392578 0.624470 0.392334 0.625000 0.391846 0.623411 0.391113 0.623941 0.391113 0.624470 0.390869 0.625000 0.390625 0.625000 0.390625 0.625530 0.390381 0.626059 0.390625 0.626589 0.390625 0.627119 0.390381 0.627648 0.390137 0.627648 0.389893 0.628178 0.389404 0.627119 0.389404 0.626059 0.389648 0.625530 0.389893 0.625530 0.389893 0.622881 0.390137 0.622352 0.390381 0.622352 0.390381 0.621292 0.390625 0.620763 0.390869 0.621292 0.390381 0.617585 0.390137 0.617585 0.390137 0.618114 0.389893 0.618644 0.389648 0.618644 0.389648 0.619174 0.389404 0.619703 0.389160 0.619703 0.389160 0.622352 0.388916 0.622881 0.388184 0.622881 0.387939 0.622352 0.387939 0.620763
2 0.932129 0.577331 0.932129 0.578919 0.932373 0.578919 0.932617 0.579449 0.932617 0.582097 0.932373 0.582627 0.932129 0.582627 0.932129 0.583157 0.931885 0.583686 0.931641 0.583686 0.931396 0.583157 0.931396 0.582627 0.931152 0.582627 0.931152 0.585275 0.930908 0.585805 0.930664 0.585805 0.930664 0.586335 0.930420 0.586864 0.929932 0.586864 0.929932 0.588453 0.931885 0.588453 0.932129 0.588983 0.932129 0.589513 0.931885 0.590042 0.931152 0.590042 0.931641 0.590042 0.932373 0.591631 0.932373 0.592161 0.932617 0.592691 0.933594 0.592691 0.933838 0.592161 0.934082 0.592691 0.935303 0.592691 0.935547 0.592161 0.935791 0.592691 0.936035 0.592691 0.936035 0.592161 0.935303 0.590572 0.935059 0.590572 0.934814 0.591102 0.934570 0.591102 0.934326 0.590572 0.934326 0.589513 0.933838 0.588453 0.933838 0.587924 0.934082 0.587394 0.934326 0.587394 0.933838 0.586335 0.933838 0.585805 0.933594 0.585805 0.933594 0.586335 0.933350 0.586864 0.933105 0.586864 0.932861 0.586335 0.932861 0.584746 0.932617 0.584746 0.932373 0.584216 0.932373 0.583686 0.932617 0.583157 0.932861 0.583157 0.932861 0.582627 0.933105 0.582097 0.933350 0.582097 0.933594 0.582627 0.933594 0.583686 0.933350 0.584216 0.933594 0.584746 0.934326 0.583686 0.934570 0.584216 0.934570 0.584746 0.934814 0.584746 0.935303 0.583686 0.935059 0.583686 0.934814 0.583157 0.934814 0.582627 0.934570 0.582627 0.934326 0.582097 0.934326 0.579449 0.934570 0.578919 0.934814 0.578919 0.934570 0.578390 0.934570 0.577860 0.934570 0.578390 0.934326 0.578919 0.934082 0.578390 0.934082 0.578919 0.933838 0.579449 0.933594 0.579449 0.933350 0.578919 0.933350 0.577331
2 0.669434 0.462394 0.674316 0.460805 0.675049 0.466631 0.675537 0.465572 0.677979 0.469809 0.679443 0.470339 0.679199 0.473517 0.679688 0.471398 0.680908 0.471928 0.682129 0.475106 0.680664 0.475636 0.685547 0.483581 0.687012 0.482521 0.687256 0.484110 0.688721 0.483581 0.689941 0.487288 0.692627 0.487818 0.693359 0.493114 0.697754 0.498941 0.698486 0.498411 0.701172 0.504237 0.702637 0.504767 0.701172 0.502119 0.701904 0.501059 0.702881 0.502648 0.703613 0.499470 0.703613 0.504767 0.706543 0.507415 0.705078 0.509004 0.706787 0.510064 0.707031 0.512712 0.707764 0.513242 0.708740 0.511123 0.708496 0.507945 0.709961 0.509004 0.709717 0.507415 0.710693 0.505826 0.710938 0.509534 0.709717 0.511653 0.711670 0.511653 0.713379 0.514301 0.711670 0.515890 0.709961 0.513771 0.709473 0.514831 0.710205 0.515890 0.714600 0.515890 0.715820 0.516949 0.715576 0.518538 0.723633 0.521716 0.724121 0.518538 0.725830 0.516419 0.727051 0.520127 0.726807 0.523305 0.729248 0.523835 0.728516 0.522246 0.729248 0.521716 0.728760 0.520127 0.730225 0.518008 0.729492 0.516949 0.729980 0.518538 0.729004 0.519068 0.728760 0.516949 0.726074 0.515890 0.726318 0.512182 0.724854 0.508475 0.719482 0.505826 0.719482 0.507945 0.716797 0.509534 0.716797 0.507415 0.713623 0.506356 0.713379 0.502119 0.711914 0.502119 0.712402 0.503178 0.711426 0.505297 0.710449 0.501589 0.710938 0.498941 0.709229 0.496292 0.708252 0.501059 0.706299 0.502119 0.706299 0.498941 0.704346 0.499470 0.703857 0.493644 0.700928 0.494174 0.700439 0.491525 0.702393 0.490996 0.701172 0.487288 0.696777 0.487288 0.692383 0.479343 0.690430 0.478814 0.689209 0.476165 0.689697 0.472987 0.688965 0.471398 0.687744 0.474576 0.685547 0.474576 0.685547 0.472987 0.687256 0.472458 0.685059 0.471398 0.683594 0.468220 0.682129 0.468220 0.681396 0.465572 0.678711 0.466102 0.678711 0.464513 0.680664 0.463983 0.678223 0.462924 0.677490 0.460275 0.675781 0.461864 0.675537 0.458686
2 0.756592 0.398835 0.756348 0.398305 0.754883 0.398305 0.754639 0.397775 0.754639 0.397246 0.754883 0.396716 0.755615 0.396716 0.755615 0.396186 0.755859 0.395657 0.756104 0.395657 0.755615 0.395657 0.755371 0.396186 0.754639 0.396186 0.754395 0.395657 0.754150 0.395657 0.753906 0.396186 0.753662 0.395657 0.753906 0.396186 0.753906 0.397775 0.753662 0.398305 0.750000 0.398305 0.750000 0.398835 0.749756 0.399364 0.749512 0.399364 0.749268 0.398835 0.749268 0.398305 0.749023 0.398305 0.749023 0.398835 0.748779 0.399364 0.748779 0.399894 0.749268 0.399894 0.749512 0.400424 0.749512 0.400953 0.749756 0.400953 0.750000 0.401483 0.750000 0.403072 0.751709 0.403072 0.751953 0.403602 0.752197 0.403602 0.752441 0.404131 0.752686 0.403602 0.752930 0.404131 0.753174 0.403602 0.753418 0.404131 0.753662 0.403602 0.753906 0.403602 0.753662 0.403072 0.754150 0.402013 0.754639 0.402013 0.754883 0.402542 0.754883 0.403072 0.756104 0.403072 0.756104 0.400424 0.756348 0.399894 0.756592 0.399894
2 0.753662 0.391949 0.752930 0.391949 0.751709 0.389301 0.751709 0.388242 0.750732 0.388242 0.750488 0.387712 0.750488 0.386653 0.750977 0.385593 0.752441 0.387182 0.751709 0.385593 0.750732 0.385064 0.750000 0.386653 0.749756 0.386123 0.749756 0.384004 0.748047 0.384534 0.747803 0.383475 0.747070 0.383475 0.746826 0.382415 0.746094 0.381886 0.745850 0.383475 0.744629 0.383475 0.744385 0.382415 0.742188 0.382415 0.741699 0.383475 0.741699 0.387712 0.741211 0.388242 0.740967 0.389831 0.740479 0.389831 0.740234 0.391419 0.739014 0.394068 0.737793 0.393008 0.737061 0.394068 0.734375 0.394068 0.733887 0.393008 0.733643 0.393538 0.733398 0.393008 0.730957 0.395127 0.730225 0.397246 0.730957 0.399894 0.732422 0.401483 0.734131 0.404661 0.734863 0.405191 0.734619 0.404661 0.735596 0.404131 0.735840 0.403072 0.736816 0.404661 0.736328 0.405720 0.738281 0.407309 0.740479 0.407839 0.740723 0.408369 0.742432 0.408369 0.742676 0.408898 0.742920 0.408369 0.743896 0.409428 0.748779 0.411547 0.749023 0.410487 0.748779 0.408898 0.748047 0.409958 0.746826 0.407309 0.747070 0.406250 0.748291 0.406250 0.748291 0.405191 0.749268 0.404131 0.749268 0.402542 0.748779 0.401483 0.748047 0.402542 0.747314 0.400953 0.747803 0.399894 0.747803 0.398305 0.748535 0.396716 0.749268 0.396716 0.749268 0.395127 0.749756 0.394597 0.749512 0.393538 0.749023 0.394068 0.748779 0.393008 0.749512 0.392479 0.749268 0.391949 0.749512 0.391419 0.750732 0.391419 0.750977 0.391949 0.750732 0.392479 0.751465 0.393008 0.751465 0.394597 0.750977 0.395657 0.751709 0.395657 0.751953 0.396716 0.752686 0.396716 0.752930 0.395657 0.752686 0.394597 0.753174 0.393538 0.753662 0.394068 0.753418 0.393538
2 0.774902 0.298729 0.774170 0.324682 0.803955 0.350106 0.802246 0.371292 0.821777 0.373411 0.814941 0.386123 0.829102 0.423199 0.819336 0.432203 0.769531 0.398305 0.772949 0.424258 0.800049 0.426377 0.795410 0.439619 0.809082 0.445975 0.807861 0.461864 0.854980 0.495233 0.906250 0.641949 0.735352 0.522775 0.913330 0.665784 0.916992 0.652013 0.930664 0.674788 0.920898 0.683792 0.953125 0.710805 0.948486 0.728284 0.999756 0.814089 0.998535 0.744703 0.992188 0.736229 0.999023 0.755826 0.982910 0.758475 0.971924 0.734640 0.975342 0.707097 0.927002 0.645657 0.898193 0.558792 0.946045 0.584216 0.976318 0.650424 0.968506 0.635064 0.973389 0.624470 0.999756 0.653072 0.999756 0.606462 0.984375 0.608051 0.974854 0.580508 0.958984 0.585805 0.964600 0.570975 0.945312 0.568326 0.952637 0.553496 0.875244 0.488347 0.849121 0.406780 0.831787 0.389301 0.814697 0.330508 0.812256 0.344280 0.810303 0.293962 0.796631 0.336864 0.792969 0.308792
2 0.809570 0.268538 0.809326 0.269068 0.809326 0.270657 0.809814 0.270657 0.810059 0.271186 0.810303 0.271186 0.810547 0.271716 0.810547 0.272775 0.810791 0.272775 0.811035 0.273305 0.811035 0.273835 0.810791 0.274364 0.809570 0.274364 0.809326 0.273835 0.809326 0.272246 0.809326 0.274364 0.809570 0.274894 0.809570 0.275953 0.810059 0.275953 0.810303 0.276483 0.810303 0.277013 0.810059 0.277542 0.809814 0.277542 0.809814 0.278072 0.810059 0.278602 0.809814 0.279131 0.809814 0.280720 0.809570 0.281250 0.809570 0.283898 0.809814 0.284428 0.809814 0.285487 0.810059 0.286017 0.810059 0.287076 0.810303 0.287606 0.810303 0.288665 0.810547 0.289195 0.810547 0.289725 0.811035 0.289725 0.811279 0.289195 0.811523 0.289195 0.812012 0.288136 0.812256 0.288136 0.812744 0.287076 0.812744 0.286547 0.812988 0.286017 0.813721 0.285487 0.813721 0.284958 0.813965 0.284428 0.814209 0.284428 0.814209 0.281250 0.813965 0.280720 0.814209 0.280191 0.814209 0.277542 0.813477 0.277542 0.813232 0.277013 0.813232 0.276483 0.813477 0.275953 0.813721 0.275953 0.813965 0.276483 0.814209 0.275953 0.814209 0.275424 0.814453 0.274894 0.814697 0.274894 0.814697 0.274364 0.814453 0.274364 0.814209 0.273835 0.814209 0.273305 0.812500 0.273305 0.812012 0.271716 0.812256 0.271186 0.812256 0.269068 0.812012 0.269068 0.812012 0.269597 0.811523 0.270657 0.811523 0.271186 0.811279 0.271716 0.811035 0.271716 0.810791 0.271186 0.810547 0.271716 0.810303 0.271186 0.810303 0.270127 0.810059 0.269597 0.810059 0.269068 0.810059 0.269597 0.809814 0.270127 0.809570 0.269597
2 0.823486 0.248941 0.822266 0.248941 0.822021 0.248411 0.821777 0.248941 0.819824 0.248941 0.819824 0.250000 0.819580 0.250530 0.819336 0.250000 0.819580 0.250530 0.819092 0.252119 0.818848 0.251589 0.818115 0.251589 0.817871 0.252648 0.818115 0.252648 0.818359 0.253708 0.817871 0.254767 0.817871 0.255826 0.816650 0.257415 0.816406 0.256356 0.817139 0.255297 0.816895 0.255297 0.816406 0.256356 0.815918 0.256356 0.815674 0.257945 0.815186 0.259004 0.814941 0.259004 0.815430 0.259534 0.815430 0.260593 0.815430 0.259534 0.815674 0.259004 0.815918 0.259534 0.815918 0.260593 0.816162 0.260064 0.816406 0.261123 0.815918 0.261653 0.815918 0.262182 0.815186 0.263771 0.814941 0.263771 0.814697 0.263242 0.814941 0.262712 0.814697 0.261653 0.814697 0.260064 0.814209 0.261123 0.813965 0.261123 0.813232 0.263242 0.812988 0.262712 0.812500 0.263771 0.812500 0.264301 0.812988 0.264831 0.812500 0.265360 0.812744 0.265360 0.812988 0.266419 0.813477 0.266949 0.813477 0.267479 0.812988 0.268008 0.812988 0.270657 0.813232 0.270127 0.813477 0.270657 0.813721 0.270127 0.813721 0.268008 0.813965 0.267479 0.814209 0.267479 0.814453 0.268538 0.814697 0.268538 0.814941 0.267479 0.816162 0.267479 0.816406 0.268538 0.816650 0.268538 0.816650 0.268008 0.818115 0.264831 0.818604 0.264301 0.818848 0.264831 0.819092 0.263771 0.819336 0.264831 0.819336 0.264301 0.819580 0.263771 0.820068 0.263771 0.820312 0.262712 0.820557 0.263242 0.820068 0.261653 0.820068 0.259534 0.820557 0.258475 0.820801 0.259534 0.821045 0.258475 0.821289 0.259004 0.821289 0.260064 0.821533 0.259534 0.821289 0.259004 0.821777 0.258475 0.821289 0.257945 0.821777 0.257415 0.821533 0.256356 0.822021 0.255297 0.820557 0.255297 0.820312 0.254237 0.819336 0.254237 0.818848 0.253178 0.819092 0.252119 0.819580 0.251589 0.819824 0.252648 0.820801 0.252648 0.821289 0.253708 0.821533 0.253708 0.821777 0.252648 0.823730 0.251589 0.823975 0.250530 0.823486 0.249470
2 0.834473 0.237288 0.834229 0.237288 0.833984 0.236758 0.833740 0.236758 0.833496 0.237288 0.833252 0.237288 0.833008 0.237818 0.833008 0.238877 0.832764 0.239407 0.831055 0.239407 0.831055 0.243114 0.830811 0.243644 0.829590 0.243644 0.829590 0.244174 0.829346 0.244703 0.829102 0.244703 0.829102 0.248411 0.828857 0.248941 0.828613 0.248941 0.828613 0.249470 0.829102 0.249470 0.830322 0.246822 0.830322 0.246292 0.830566 0.245763 0.830566 0.245233 0.830811 0.244703 0.830811 0.243644 0.831055 0.243114 0.831543 0.243114 0.831787 0.242585 0.831787 0.242055 0.832275 0.240996 0.832275 0.240466 0.832520 0.239936 0.832764 0.239936 0.832764 0.239407 0.833008 0.238877 0.833496 0.238877 0.833740 0.238347 0.833984 0.238347 0.834229 0.237818 0.834473 0.237818
2 0.833496 0.222987 0.833252 0.222458 0.832764 0.223517 0.831543 0.223517 0.831543 0.224047 0.831787 0.224047 0.832031 0.225106 0.831787 0.225636 0.831055 0.225636 0.830811 0.224576 0.830322 0.224047 0.830322 0.223517 0.829834 0.224576 0.829590 0.224576 0.829346 0.223517 0.829102 0.223517 0.828613 0.222458 0.827881 0.222458 0.827881 0.224047 0.827148 0.225636 0.824707 0.228814 0.823486 0.234110 0.823486 0.235169 0.823975 0.235169 0.824219 0.235699 0.824219 0.239936 0.824951 0.239936 0.825195 0.240466 0.825195 0.242055 0.824951 0.242585 0.824219 0.242585 0.824463 0.243114 0.823975 0.244174 0.823730 0.243644 0.823730 0.242055 0.823975 0.241525 0.822754 0.241525 0.822754 0.242055 0.822266 0.242585 0.822021 0.243644 0.821777 0.243644 0.821777 0.244174 0.822266 0.244703 0.821777 0.245763 0.821777 0.246822 0.822021 0.246292 0.822266 0.247352 0.822510 0.247352 0.822754 0.246292 0.823486 0.246292 0.823730 0.247352 0.823730 0.246292 0.823975 0.245763 0.824219 0.246292 0.824219 0.248941 0.824219 0.247881 0.824951 0.246292 0.824951 0.245763 0.825684 0.244174 0.825928 0.244174 0.825928 0.241525 0.826416 0.240996 0.826416 0.240466 0.826904 0.239936 0.827148 0.238877 0.827881 0.238877 0.828125 0.239407 0.828125 0.241525 0.828613 0.242055 0.828857 0.241525 0.828613 0.240996 0.829102 0.240466 0.828613 0.239936 0.830078 0.238347 0.830078 0.237818 0.830566 0.237288 0.830566 0.236758 0.830322 0.237288 0.829834 0.236229 0.830322 0.235169 0.830566 0.235169 0.830811 0.234110 0.831055 0.235169 0.831055 0.234640 0.831543 0.234110 0.831787 0.233051 0.832031 0.234110 0.832275 0.233581 0.832031 0.232521 0.832520 0.231462 0.832520 0.230932 0.832275 0.231992 0.831787 0.230932 0.831787 0.228284 0.831543 0.227754 0.831055 0.227754 0.830811 0.226695 0.831055 0.226165 0.831787 0.226165 0.832031 0.225106 0.833008 0.225106
2 0.861084 0.174788 0.859131 0.172669 0.858398 0.173199 0.857910 0.174788 0.858887 0.173729 0.859863 0.175847 0.859131 0.176377 0.858887 0.175318 0.858643 0.176377 0.858398 0.175318 0.858643 0.176377 0.857666 0.176907 0.857422 0.176377 0.857910 0.175847 0.857178 0.175318 0.857422 0.174788 0.856689 0.175847 0.856201 0.175318 0.856445 0.174788 0.855225 0.175847 0.855469 0.176377 0.854736 0.176907 0.854004 0.175318 0.849121 0.178496 0.847168 0.180614 0.847656 0.181144 0.847412 0.183792 0.847900 0.183792 0.848877 0.185911 0.849854 0.185911 0.850098 0.188030 0.848633 0.188559 0.849121 0.189619 0.848877 0.190678 0.847656 0.190678 0.847168 0.186441 0.843750 0.186441 0.842285 0.189089 0.842285 0.192267 0.842773 0.192797 0.842773 0.193856 0.842041 0.194915 0.842285 0.198623 0.843018 0.198623 0.843018 0.197034 0.843506 0.196504 0.843506 0.191737 0.844971 0.191208 0.845215 0.192267 0.846191 0.192797 0.846191 0.194386 0.845215 0.194915 0.846191 0.198623 0.846436 0.198623 0.846436 0.194915 0.847412 0.194386 0.847656 0.194915 0.847168 0.195445 0.848145 0.197034 0.847656 0.198623 0.847412 0.198093 0.847168 0.199682 0.848877 0.198623 0.849121 0.199682 0.850098 0.199682 0.850830 0.198093 0.850342 0.197564 0.850342 0.195975 0.849854 0.195445 0.849854 0.192797 0.850830 0.192267 0.851074 0.191208 0.851807 0.191208 0.852051 0.190148 0.853271 0.190148 0.854248 0.192267 0.854248 0.186970 0.854736 0.185381 0.854980 0.186441 0.855469 0.183792 0.856445 0.184322 0.855957 0.185381 0.855957 0.186970 0.856445 0.187500 0.856445 0.189089 0.857178 0.189089 0.858154 0.186441 0.857666 0.185911 0.857666 0.184322 0.856689 0.182203 0.858154 0.180614 0.859131 0.178496 0.859375 0.181674 0.859619 0.181674 0.859619 0.177966 0.859131 0.176907 0.860107 0.176377 0.860352 0.177436 0.861084 0.177436 0.861328 0.178496 0.861572 0.177966
2 0.907959 0.106992 0.907227 0.106992 0.906982 0.108051 0.905762 0.108051 0.905273 0.106992 0.903320 0.111229 0.903320 0.112818 0.902344 0.113347 0.902100 0.114407 0.901611 0.113877 0.902100 0.111229 0.900391 0.112288 0.900146 0.113347 0.898438 0.113347 0.898193 0.112288 0.898926 0.110699 0.899414 0.111229 0.900146 0.110169 0.898438 0.110169 0.898438 0.111758 0.897949 0.112288 0.896973 0.107521 0.896240 0.109110 0.895264 0.109110 0.892090 0.114936 0.890869 0.115996 0.888428 0.125530 0.886963 0.128708 0.886230 0.132945 0.885010 0.135064 0.885986 0.135064 0.886230 0.136653 0.885010 0.136653 0.883057 0.138771 0.883301 0.142479 0.882568 0.143008 0.882812 0.144597 0.880859 0.146716 0.881348 0.149894 0.881836 0.150424 0.881592 0.152013 0.882568 0.152013 0.882812 0.153072 0.883545 0.152013 0.884277 0.155191 0.885010 0.152013 0.885742 0.152542 0.885742 0.150953 0.888916 0.149894 0.889648 0.151483 0.889160 0.152542 0.888184 0.152542 0.888672 0.153602 0.888184 0.155191 0.888672 0.156250 0.889893 0.154661 0.893066 0.147775 0.893066 0.144597 0.893799 0.143008 0.893799 0.140890 0.894775 0.140890 0.895264 0.138771 0.894775 0.138242 0.895264 0.137182 0.895996 0.138242 0.896484 0.136653 0.894531 0.138242 0.894531 0.135593 0.894531 0.137182 0.893555 0.138771 0.893311 0.137712 0.890625 0.137712 0.890381 0.136123 0.890869 0.135064 0.892822 0.135064 0.892822 0.133475 0.894043 0.130826 0.894531 0.131356 0.894531 0.132945 0.895264 0.131886 0.895508 0.134004 0.896729 0.132945 0.896973 0.130826 0.897461 0.131886 0.898926 0.131886 0.899902 0.127119 0.898438 0.127119 0.897705 0.129237 0.896484 0.129237 0.896240 0.125000 0.898682 0.121292 0.899414 0.123411 0.900391 0.121292 0.900879 0.121822 0.900879 0.123411 0.902588 0.122352 0.903076 0.118644 0.904053 0.118114 0.904785 0.116525 0.904297 0.115996 0.906982 0.112288
2 0.604980 0.081568 0.612793 0.092161 0.622559 0.119703 0.623047 0.128708 0.629883 0.137712 0.630859 0.146716 0.635742 0.157839 0.636963 0.176907 0.629395 0.183263 0.647217 0.186441 0.651611 0.193326 0.669678 0.196504 0.670654 0.200742 0.671387 0.195445 0.673828 0.200212 0.672363 0.201801 0.675537 0.200742 0.675293 0.204979 0.682129 0.210805 0.687256 0.208157 0.688477 0.211335 0.685547 0.212394 0.690430 0.212924 0.688477 0.213983 0.690430 0.223517 0.704346 0.234640 0.708740 0.230403 0.724609 0.257415 0.722656 0.262182 0.725342 0.265360 0.726074 0.262182 0.726318 0.266949 0.730225 0.270127 0.729004 0.272246 0.730957 0.271716 0.733398 0.283369 0.731934 0.286547 0.735107 0.294492 0.755615 0.311970 0.773193 0.314089 0.771484 0.306674 0.769287 0.310381 0.768066 0.307733 0.770508 0.296081 0.772949 0.299788 0.775146 0.294492 0.770508 0.290254 0.769287 0.296610 0.766113 0.288665 0.759766 0.285487 0.754150 0.288665 0.747803 0.276483 0.744873 0.278602 0.746094 0.273835 0.742432 0.272246 0.738281 0.262182 0.739502 0.254237 0.729980 0.235699 0.728271 0.237818 0.723145 0.226695 0.718994 0.224576 0.718262 0.218750 0.715576 0.217161 0.714600 0.221928 0.701172 0.208157 0.699219 0.210805 0.697510 0.206038 0.678955 0.198623 0.676025 0.193326 0.676270 0.188030 0.674316 0.193326 0.667236 0.189619 0.668457 0.186970 0.666504 0.183792 0.648682 0.179025 0.648926 0.174788 0.639893 0.163136 0.640869 0.159958 0.637451 0.155191 0.635254 0.138771 0.630615 0.130826 0.632080 0.126059 0.622070 0.105932 0.620850 0.108051 0.620361 0.097458 0.617188 0.095339 0.613525 0.083686 0.612305 0.086864 0.611816 0.079449
2 0.915039 0.073623 0.914795 0.074153 0.913086 0.074153 0.912842 0.074682 0.912598 0.074682 0.912354 0.075212 0.912109 0.075212 0.911621 0.076271 0.911621 0.077860 0.911377 0.078390 0.911133 0.078390 0.911133 0.081038 0.910889 0.081568 0.910645 0.081568 0.910645 0.084216 0.910889 0.083686 0.912109 0.083686 0.912354 0.084216 0.913086 0.084216 0.913330 0.084746 0.913574 0.084216 0.913818 0.084746 0.914062 0.084216 0.914307 0.084746 0.914795 0.084746 0.914795 0.083686 0.914551 0.083686 0.914307 0.083157 0.914307 0.081568 0.914062 0.081568 0.913818 0.081038 0.913818 0.078390 0.913574 0.078390 0.913330 0.077860 0.913330 0.076271 0.913574 0.075742 0.913818 0.075742 0.914307 0.074682 0.914551 0.075212 0.914795 0.075212 0.914795 0.074682 0.915039 0.074153
2 0.605957 0.051377 0.605713 0.051907 0.605713 0.052436 0.605469 0.052966 0.605469 0.057203 0.605713 0.057733 0.605713 0.058263 0.606201 0.058263 0.606445 0.058792 0.607422 0.058792 0.607666 0.059322 0.607910 0.059322 0.608154 0.059852 0.608398 0.059852 0.608887 0.060911 0.608887 0.061441 0.609131 0.061970 0.609131 0.060381 0.609375 0.059852 0.609131 0.059322 0.609375 0.058792 0.609375 0.058263 0.608643 0.056674 0.608887 0.056144 0.608398 0.055085 0.608398 0.054555 0.608154 0.054025 0.608154 0.053496 0.607178 0.051377 0.607422 0.050847 0.607178 0.051377 0.606445 0.051377 0.606201 0.051907
2 0.718506 0.000000 0.713379 0.000000 0.713379 0.010064 0.714844 0.015360 0.714600 0.034428 0.712402 0.040254 0.712891 0.047140 0.709961 0.055085 0.709961 0.061970 0.711914 0.061441 0.712402 0.065148 0.711426 0.067267 0.712402 0.069386 0.709717 0.076271 0.710449 0.086335 0.708984 0.084216 0.708984 0.079979 0.705811 0.084746 0.708740 0.092691 0.708496 0.117585 0.709961 0.119174 0.707764 0.131356 0.706543 0.131886 0.706299 0.137182 0.708984 0.139831 0.708740 0.146716 0.709717 0.152542 0.710938 0.153602 0.709961 0.157839 0.711914 0.161017 0.711426 0.164725 0.712646 0.168962 0.712402 0.175318 0.710938 0.176907 0.712402 0.180085 0.712891 0.188030 0.710693 0.190148 0.710205 0.188559 0.709473 0.195445 0.711182 0.194386 0.712891 0.199682 0.712891 0.204979 0.715088 0.213983 0.715332 0.211335 0.716553 0.211335 0.716553 0.204449 0.718262 0.199682 0.716553 0.197034 0.718262 0.192267 0.718262 0.186970 0.717041 0.183263 0.717285 0.176907 0.716553 0.176377 0.716553 0.184322 0.714600 0.177436 0.715576 0.161547 0.711914 0.154661 0.713379 0.148835 0.714111 0.149894 0.714600 0.147775 0.715332 0.149894 0.714600 0.147775 0.715332 0.145657 0.715820 0.149364 0.717773 0.151483 0.718018 0.144068 0.717041 0.142479 0.714844 0.144597 0.714600 0.141949 0.716064 0.140360 0.716797 0.135064 0.718018 0.140360 0.717285 0.135064 0.718018 0.131886 0.717773 0.124470 0.714844 0.122881 0.713623 0.118114 0.713867 0.108051 0.711670 0.093750 0.712646 0.094809 0.714355 0.075742 0.713623 0.067797 0.715820 0.063559 0.715820 0.058263 0.714600 0.056674 0.717285 0.055614 0.714355 0.053496 0.714111 0.047669 0.715820 0.051377 0.717773 0.049788 0.717041 0.040254 0.719482 0.027542 0.718262 0.026483 0.719238 0.023835 0.718506 0.010593 0.719727 0.007945 0.719971 0.002119 0.718994 0.008475 0.717041 0.008475 0.718506 0.005297 0.716309 0.003178
