0 0.410889 0.116525 0.386719 0.125000 0.378662 0.157839 0.358643 0.141949 0.341553 0.162606 0.334229 0.228284 0.348145 0.265890 0.354980 0.325742 0.351074 0.342161 0.332031 0.344809 0.327637 0.363877 0.300781 0.381886 0.283691 0.361758 0.261475 0.376589 0.248047 0.358051 0.234375 0.367585 0.232910 0.416843 0.215332 0.448093 0.224121 0.485699 0.224609 0.561441 0.204590 0.578390 0.202148 0.615996 0.213867 0.645657 0.206543 0.694915 0.218506 0.703919 0.242920 0.697564 0.259033 0.761653 0.269287 0.759534 0.280273 0.731992 0.293213 0.732521 0.307129 0.710275 0.332275 0.706038 0.353027 0.721928 0.361572 0.760064 0.350830 0.779661 0.334717 0.782839 0.328369 0.808792 0.337158 0.818326 0.345215 0.785487 0.355225 0.787076 0.358643 0.811441 0.343506 0.849576 0.349854 0.864407 0.367432 0.853284 0.375732 0.817797 0.404785 0.815678 0.416260 0.925318 0.416504 0.999470 0.432861 0.999470 0.434814 0.884534 0.456055 0.798199 0.479736 0.781780 0.485596 0.792903 0.485596 0.816208 0.497559 0.823093 0.521973 0.790784 0.533936 0.793432 0.542725 0.773305 0.544189 0.750000 0.532471 0.697564 0.547607 0.680614 0.548584 0.649894 0.561279 0.617055 0.581299 0.632415 0.589111 0.626589 0.593018 0.484110 0.583740 0.460275 0.579834 0.424258 0.563965 0.408369 0.551514 0.331568 0.512207 0.283898 0.517090 0.240466 0.498291 0.182203 0.467773 0.144068 0.455078 0.170551 0.440918 0.165784
1 0.690674 0.999470 0.689453 0.981462 0.686768 0.971928 0.685059 0.956568 0.683594 0.951801 0.683350 0.935911 0.684326 0.926377 0.682861 0.913136 0.682861 0.901483 0.684570 0.895657 0.684570 0.889831 0.680664 0.873941 0.679443 0.860699 0.675049 0.848517 0.670410 0.846398 0.664062 0.851165 0.655518 0.846928 0.646973 0.848517 0.645020 0.852754 0.642822 0.878708 0.640625 0.885593 0.635986 0.889301 0.627686 0.887182 0.619629 0.893538 0.617676 0.897246 0.617432 0.903602 0.622314 0.913136 0.623291 0.923729 0.621094 0.933792 0.615723 0.946504 0.615723 0.957097 0.619141 0.958686 0.622803 0.964513 0.627686 0.963983 0.631592 0.967691 0.634521 0.973517 0.635498 0.981462 0.637207 0.985699 0.639404 0.983581 0.643799 0.984110 0.645752 0.981992 0.649658 0.981992 0.655029 0.985169 0.658447 0.991525 0.659424 0.999470
1 0.682617 0.902013 0.682617 0.906250 0.684326 0.912606 0.685303 0.923199 0.687256 0.932203 0.691650 0.942797 0.692627 0.950742 0.696045 0.954449 0.697754 0.958686 0.698730 0.963983 0.698730 0.970869 0.713623 0.974047 0.721436 0.963453 0.727051 0.964513 0.730713 0.971928 0.737793 0.970339 0.742676 0.966102 0.746338 0.966102 0.749268 0.969280 0.750732 0.972987 0.751709 0.978284 0.751953 0.988877 0.753662 0.994703 0.753906 0.999470 0.755127 0.999470 0.755615 0.988877 0.751953 0.978284 0.751953 0.968750 0.753418 0.963453 0.757812 0.956038 0.758789 0.950742 0.759766 0.935381 0.759521 0.923729 0.756836 0.911017 0.756836 0.898835 0.758057 0.894068 0.758057 0.889301 0.756348 0.880826 0.749023 0.865996 0.741699 0.860699 0.720459 0.860169 0.718506 0.862818 0.716553 0.870233 0.714355 0.873941 0.696777 0.887182 0.689453 0.896186
1 0.552246 0.938559 0.552246 0.939619 0.552002 0.940148 0.552002 0.949153 0.552246 0.949682 0.552246 0.952331 0.552490 0.952860 0.552490 0.954979 0.552979 0.957627 0.552979 0.959746 0.553711 0.960805 0.555176 0.960805 0.555420 0.961335 0.558594 0.961864 0.558838 0.962394 0.560059 0.962924 0.561523 0.965042 0.562988 0.968220 0.562988 0.968750 0.564453 0.972458 0.564941 0.972458 0.565186 0.972987 0.566650 0.972987 0.566895 0.973517 0.568359 0.972987 0.570068 0.970869 0.571533 0.967161 0.572998 0.965042 0.573486 0.965042 0.575928 0.962924 0.575195 0.961335 0.574951 0.959746 0.574463 0.959216 0.571533 0.952331 0.570801 0.949153 0.570557 0.945445 0.569824 0.942797 0.568359 0.940148 0.566895 0.935381 0.564941 0.931674 0.563477 0.931674 0.563232 0.931144 0.556396 0.931144 0.554199 0.934322 0.553467 0.934852
1 0.779297 0.842691 0.768799 0.861229 0.765625 0.873411 0.760254 0.882415 0.760498 0.894068 0.757324 0.908898 0.760498 0.920551 0.760254 0.953390 0.762207 0.962924 0.764648 0.966631 0.777100 0.974047 0.779297 0.972987 0.790039 0.952860 0.792236 0.951271 0.802490 0.951801 0.807373 0.959216 0.808838 0.973517 0.812744 0.983581 0.814941 0.999470 0.823730 0.999470 0.823975 0.994174 0.818115 0.972987 0.818115 0.962394 0.820312 0.955508 0.825195 0.948623 0.838867 0.936970 0.839355 0.931144 0.838135 0.925318 0.838135 0.915784 0.842041 0.906250 0.848877 0.902013 0.851074 0.897246 0.849854 0.883475 0.845459 0.875000 0.837402 0.869703 0.831299 0.860699 0.824707 0.856462 0.808105 0.832627 0.794189 0.834216
1 0.869385 0.952860 0.869141 0.953919 0.869141 0.959216 0.869385 0.959746 0.869385 0.962394 0.869629 0.962924 0.869629 0.964513 0.870361 0.967161 0.870605 0.970869 0.872559 0.978814 0.872559 0.980403 0.874023 0.986229 0.874023 0.987288 0.874268 0.987818 0.874512 0.990466 0.875488 0.994174 0.875488 0.995763 0.875732 0.996292 0.875732 0.999470 0.880127 0.999470 0.880127 0.993114 0.878906 0.988347 0.878906 0.987288 0.877686 0.981992 0.877686 0.980932 0.877441 0.980403 0.877441 0.978814 0.876953 0.976695 0.876953 0.975106 0.876709 0.974576 0.876709 0.973517 0.876221 0.972458 0.875488 0.969280 0.875488 0.968220 0.875000 0.966631 0.875000 0.965572 0.874756 0.965042 0.874756 0.961335 0.874512 0.960805 0.874512 0.959216 0.873047 0.955508 0.872559 0.955508 0.871094 0.953919 0.870605 0.952860
1 0.921387 0.781250 0.914307 0.761653 0.915527 0.745763 0.914795 0.739407 0.904053 0.739936 0.896729 0.728814 0.888428 0.728814 0.880371 0.732521 0.870361 0.730403 0.864502 0.735169 0.858887 0.736229 0.856201 0.744174 0.851562 0.747881 0.833984 0.745763 0.824707 0.735169 0.809326 0.731462 0.801514 0.741525 0.789062 0.746822 0.786621 0.756356 0.786865 0.761653 0.789551 0.765890 0.791260 0.773305 0.789307 0.790254 0.801758 0.809852 0.804199 0.828390 0.810791 0.835275 0.816162 0.836864 0.828369 0.856462 0.835693 0.857521 0.841553 0.863347 0.848145 0.876059 0.854248 0.899894 0.859131 0.907309 0.860840 0.904131 0.858643 0.897246 0.858643 0.887182 0.860840 0.880297 0.871582 0.870763 0.883301 0.866525 0.885010 0.862818 0.885254 0.852225 0.887695 0.844809 0.897705 0.839513 0.908691 0.828390 0.909912 0.811970 0.914551 0.802966 0.915527 0.793962
1 0.921143 0.781780 0.914062 0.761653 0.914062 0.752119 0.915527 0.744703 0.914795 0.739407 0.904053 0.739936 0.896484 0.728814 0.888672 0.728814 0.880859 0.732521 0.870850 0.730403 0.865723 0.734640 0.859131 0.736229 0.856201 0.744174 0.851562 0.747881 0.834961 0.746292 0.823975 0.734640 0.809326 0.731462 0.801025 0.742055 0.788818 0.747352 0.786621 0.756356 0.786865 0.761123 0.789551 0.765890 0.791260 0.773305 0.789307 0.790254 0.801025 0.808263 0.803955 0.818326 0.807861 0.823093 0.814453 0.824153 0.817383 0.829979 0.820068 0.841631 0.823975 0.848517 0.830566 0.855932 0.838867 0.856462 0.844238 0.864407 0.852539 0.882415 0.854248 0.882945 0.859619 0.877119 0.883545 0.864936 0.885010 0.860169 0.885010 0.851695 0.887207 0.844809 0.908447 0.828390 0.909912 0.812500 0.914307 0.802966 0.916016 0.792373
1 0.102295 0.000000 0.102051 0.004767 0.099121 0.021716 0.099854 0.048729 0.104248 0.062500 0.107178 0.079979 0.109131 0.085275 0.112549 0.086864 0.116699 0.086335 0.119385 0.084216 0.122314 0.079449 0.123779 0.078390 0.127686 0.078390 0.136475 0.085275 0.140625 0.083686 0.143311 0.077860 0.144287 0.067797 0.143555 0.061441 0.143555 0.050318 0.148438 0.035487 0.150391 0.024364 0.149658 0.015890 0.145996 0.004767 0.145996 0.000000
1 0.914795 0.831038 0.912842 0.841631 0.908203 0.851695 0.907227 0.860699 0.900635 0.873411 0.901123 0.885593 0.904297 0.892479 0.918945 0.903072 0.925049 0.912606 0.949219 0.912606 0.952148 0.915784 0.962158 0.940148 0.963379 0.949153 0.970215 0.974576 0.975586 0.988347 0.977783 0.999470 0.978027 0.987288 0.965576 0.941737 0.966309 0.928496 0.969482 0.922140 0.978516 0.919492 0.984375 0.911017 0.989014 0.911017 0.994141 0.914725 0.999756 0.914195 0.999756 0.899364 0.995361 0.896186 0.988037 0.896186 0.983643 0.889301 0.980225 0.862288 0.981201 0.842161 0.978516 0.840042 0.971191 0.840042 0.963379 0.842691 0.950195 0.835805 0.938721 0.834216 0.932861 0.829449 0.925049 0.834216 0.920166 0.831038
1 0.900635 0.873941 0.900879 0.884534 0.903809 0.891419 0.906494 0.894597 0.919189 0.903072 0.925049 0.911017 0.930908 0.912606 0.932861 0.911547 0.949951 0.912606 0.954834 0.918962 0.960205 0.932733 0.963135 0.934322 0.966064 0.925318 0.968506 0.921081 0.978516 0.918432 0.985107 0.900953 0.985107 0.897246 0.982666 0.888242 0.982422 0.877648 0.979736 0.862818 0.979736 0.852754 0.980713 0.842161 0.978760 0.840572 0.972412 0.840042 0.964355 0.843220 0.950684 0.836335 0.938721 0.834216 0.932861 0.829449 0.930908 0.829449 0.925049 0.834216 0.919434 0.830508 0.914795 0.831038 0.912842 0.842161 0.907959 0.851695 0.906982 0.861229
1 0.996094 0.671081 0.994629 0.672140 0.994385 0.676907 0.996338 0.680614 0.997803 0.685911 0.997803 0.695975 0.996338 0.701271 0.994141 0.704979 0.991211 0.706568 0.988037 0.707097 0.986328 0.709746 0.985596 0.716102 0.985596 0.724576 0.987061 0.731462 0.990234 0.740996 0.993652 0.748411 0.994629 0.753708 0.994385 0.761653 0.992920 0.766949 0.991211 0.770127 0.991211 0.773835 0.994629 0.779131 0.999756 0.779661 0.999756 0.671081
2 0.421387 0.991525 0.421387 0.994174 0.421631 0.994703 0.421631 0.995233 0.421387 0.995763 0.421387 0.997352 0.421143 0.997881 0.421387 0.997352 0.421387 0.996822 0.421631 0.996292 0.421875 0.996822 0.421875 0.999470 0.424072 0.999470 0.424072 0.997881 0.424316 0.997352 0.424561 0.997352 0.424805 0.997881 0.424805 0.998411 0.425049 0.998411 0.425049 0.994703 0.424316 0.994703 0.424072 0.994174 0.424072 0.992585 0.424316 0.992055 0.424561 0.992055 0.424805 0.992585 0.424805 0.993114 0.425049 0.993114 0.425049 0.992585 0.424805 0.992585 0.424561 0.992055 0.424561 0.991525 0.423340 0.991525 0.423340 0.993114 0.423096 0.993644 0.422852 0.993644 0.422852 0.995233 0.422607 0.995763 0.422363 0.995763 0.422119 0.995233 0.421875 0.995233 0.421631 0.994703 0.421631 0.993114 0.421387 0.992585 0.421387 0.992055 0.421631 0.991525
2 0.419434 0.980403 0.419434 0.980932 0.419189 0.981462 0.419189 0.982521 0.419434 0.983051 0.419434 0.986758 0.419678 0.986758 0.419922 0.987288 0.419922 0.988877 0.420166 0.988877 0.420410 0.989407 0.420166 0.989936 0.420166 0.990996 0.420410 0.991525 0.420410 0.992055 0.420410 0.991525 0.420654 0.990996 0.420654 0.988347 0.420898 0.987818 0.421143 0.987818 0.421143 0.985169 0.421387 0.984640 0.421631 0.984640 0.421875 0.985169 0.421875 0.986758 0.422119 0.986758 0.422363 0.987288 0.422363 0.987818 0.422607 0.987818 0.422607 0.985169 0.422852 0.984640 0.423096 0.984640 0.423096 0.983581 0.422852 0.983051 0.422607 0.983581 0.422363 0.983051 0.421875 0.983051 0.421631 0.983581 0.421387 0.983051 0.419678 0.983051 0.419434 0.982521
2 0.749512 0.965572 0.749512 0.969280 0.749268 0.969809 0.749023 0.969809 0.748779 0.970339 0.748535 0.970339 0.748047 0.969280 0.747803 0.969280 0.748047 0.969809 0.747803 0.970339 0.747559 0.970339 0.747559 0.970869 0.747803 0.971398 0.747803 0.971928 0.748535 0.973517 0.748779 0.972987 0.750488 0.976695 0.750488 0.978814 0.750732 0.979343 0.750977 0.979343 0.751221 0.979873 0.751221 0.980403 0.751221 0.979873 0.751465 0.979343 0.751709 0.979873 0.751465 0.979343 0.751709 0.978814 0.751709 0.974576 0.751953 0.974047 0.752197 0.974047 0.752441 0.973517 0.753418 0.973517 0.753174 0.973517 0.752930 0.972987 0.752686 0.972987 0.752441 0.972458 0.752441 0.972987 0.751953 0.974047 0.751709 0.973517 0.750977 0.973517 0.750488 0.972458 0.750488 0.971928 0.750977 0.970869 0.751465 0.970869 0.751221 0.970339 0.751221 0.969809 0.750977 0.969809 0.750000 0.967691 0.750000 0.966102 0.749756 0.966102
2 0.867920 0.956038 0.868408 0.959746 0.869385 0.963983 0.869873 0.968220 0.871338 0.972458 0.871826 0.975106 0.872070 0.974576 0.872559 0.975106 0.872559 0.977225 0.872314 0.977754 0.873779 0.986758 0.874268 0.986758 0.874756 0.985169 0.875000 0.986229 0.875244 0.985699 0.875732 0.986758 0.875488 0.987818 0.876221 0.988347 0.876221 0.987288 0.875732 0.986229 0.875732 0.985169 0.876221 0.984640 0.876465 0.985699 0.876953 0.986229 0.876709 0.988877 0.877197 0.988877 0.877197 0.988347 0.877686 0.987818 0.877930 0.989407 0.878174 0.989407 0.878174 0.987288 0.878662 0.985699 0.878906 0.986229 0.878906 0.987288 0.878906 0.986229 0.878174 0.983051 0.877686 0.983051 0.876709 0.984640 0.876465 0.984640 0.876221 0.983051 0.875977 0.983051 0.875977 0.984640 0.875732 0.985169 0.875000 0.984640 0.875244 0.983051 0.874756 0.981992 0.875244 0.980932 0.875488 0.981992 0.875732 0.981992 0.875977 0.980932 0.875732 0.979873 0.875244 0.980403 0.874756 0.978814 0.875244 0.978284 0.875488 0.977225 0.875977 0.977754 0.876221 0.979343 0.877441 0.979343 0.877197 0.977754 0.876709 0.977225 0.877197 0.975636 0.876953 0.975636 0.876709 0.974576 0.875977 0.974576 0.875244 0.972458 0.876221 0.970869 0.876465 0.968220 0.875488 0.965042 0.874756 0.964513 0.875000 0.963983 0.874756 0.962394 0.873779 0.962394 0.873535 0.961864 0.874268 0.960805 0.874756 0.960805 0.873291 0.959216 0.873535 0.958686 0.874268 0.958686 0.874512 0.958157 0.874512 0.956568 0.873779 0.954979 0.872559 0.956038 0.873779 0.956568 0.874023 0.957097 0.873779 0.958157 0.873535 0.957627 0.873047 0.957627 0.872314 0.958686 0.871582 0.958157 0.871094 0.958686 0.871338 0.959216 0.871094 0.959746 0.870605 0.959746 0.870361 0.959216 0.870361 0.957627 0.869629 0.958686 0.868408 0.958686 0.868164 0.958157 0.868652 0.957627 0.868652 0.957097
2 0.418945 0.944915 0.418945 0.948093 0.418701 0.948623 0.418945 0.949682 0.419678 0.949682 0.419922 0.950742 0.420410 0.951271 0.419189 0.954449 0.419189 0.954979 0.419678 0.954979 0.419922 0.955508 0.419922 0.957097 0.419434 0.957627 0.419189 0.960275 0.419434 0.960805 0.419434 0.967161 0.419678 0.967691 0.419434 0.968220 0.419434 0.969280 0.419678 0.970339 0.420410 0.971398 0.420410 0.974047 0.419434 0.976695 0.419434 0.979343 0.419922 0.979873 0.419922 0.981462 0.420654 0.981462 0.420898 0.980403 0.421631 0.980403 0.421631 0.978814 0.421875 0.978284 0.422119 0.978284 0.422363 0.979343 0.422607 0.978814 0.422119 0.976695 0.421875 0.976695 0.421631 0.977754 0.421143 0.977225 0.420654 0.975106 0.420898 0.974047 0.421631 0.974047 0.421631 0.973517 0.422852 0.971398 0.423340 0.972458 0.423340 0.974047 0.423096 0.974576 0.422852 0.974047 0.422363 0.974047 0.422607 0.975106 0.423340 0.974047 0.423828 0.974576 0.423584 0.975636 0.422852 0.976165 0.423096 0.978814 0.423584 0.979343 0.423584 0.977754 0.424072 0.977225 0.424072 0.976695 0.424561 0.976165 0.424561 0.975636 0.425049 0.975106 0.425537 0.973517 0.425537 0.972458 0.425049 0.971928 0.425293 0.971398 0.425049 0.970339 0.424561 0.969809 0.424561 0.968220 0.424316 0.967691 0.425049 0.965572 0.425537 0.966102 0.425537 0.965042 0.425293 0.964513 0.425537 0.962394 0.425293 0.961864 0.425293 0.960805 0.425293 0.961335 0.424805 0.961864 0.425049 0.962394 0.425049 0.963453 0.424805 0.963983 0.423828 0.963983 0.423096 0.962924 0.423096 0.961864 0.423584 0.961335 0.423584 0.960805 0.422852 0.961864 0.422607 0.961335 0.422852 0.960275 0.422607 0.959746 0.422119 0.959746 0.421875 0.960275 0.421631 0.959746 0.421875 0.957627 0.421387 0.957097 0.421143 0.957627 0.420654 0.957627 0.420166 0.956038 0.420410 0.955508 0.420898 0.955508 0.421143 0.956038 0.421631 0.955508 0.421631 0.954449 0.421387 0.953919 0.421143 0.954979 0.420898 0.954449 0.420898 0.948623 0.420654 0.949153 0.420410 0.948623 0.420410 0.947564 0.420166 0.948623 0.419678 0.945975
2 0.963379 0.935381 0.963379 0.938559 0.963135 0.939089 0.963379 0.949153 0.964355 0.950742 0.965820 0.956568 0.966553 0.958157 0.966797 0.961864 0.968994 0.968220 0.969971 0.974047 0.971680 0.976695 0.972412 0.981462 0.972900 0.983051 0.972900 0.984110 0.973389 0.986229 0.974854 0.989936 0.975586 0.993114 0.975830 0.995763 0.977051 0.999470 0.980957 0.999470 0.980957 0.997881 0.980225 0.995763 0.980225 0.994703 0.979736 0.993644 0.978516 0.987818 0.978027 0.986758 0.977295 0.981992 0.976074 0.979873 0.975586 0.977754 0.974854 0.976165 0.973877 0.971398 0.972900 0.969809 0.972412 0.968220 0.972412 0.967161 0.971436 0.965042 0.970459 0.960805 0.970215 0.957627 0.968994 0.954979 0.968262 0.951271 0.966797 0.947034 0.965332 0.946504 0.964355 0.944915 0.963867 0.942267 0.963623 0.938559 0.963379 0.938030
2 0.874512 0.928496 0.874023 0.928496 0.873779 0.927966 0.873291 0.927966 0.873047 0.927436 0.872803 0.927966 0.871826 0.927966 0.871582 0.928496 0.871338 0.928496 0.871338 0.929555 0.871094 0.930085 0.871094 0.932733 0.870850 0.933263 0.870850 0.934322 0.870605 0.934852 0.870605 0.935381 0.869873 0.936970 0.869629 0.936970 0.869385 0.937500 0.868408 0.937500 0.868164 0.938030 0.867676 0.938030 0.867432 0.938559 0.866699 0.939089 0.866211 0.940148 0.866211 0.942797 0.866455 0.943326 0.867676 0.944386 0.868164 0.945445 0.868164 0.948623 0.867920 0.949153 0.868164 0.949682 0.868164 0.950742 0.868408 0.951271 0.868408 0.951801 0.868652 0.951801 0.869141 0.952860 0.869141 0.952331 0.869385 0.951801 0.869141 0.951801 0.868896 0.951271 0.869141 0.950742 0.869385 0.950742 0.869385 0.945975 0.870117 0.944386 0.870850 0.944386 0.871094 0.944915 0.871094 0.945445 0.870361 0.946504 0.869873 0.946504 0.870361 0.946504 0.870605 0.947034 0.871826 0.947034 0.872070 0.946504 0.872314 0.946504 0.872559 0.947034 0.872559 0.947564 0.872314 0.948093 0.871094 0.948093 0.870850 0.948623 0.871582 0.949682 0.871582 0.950212 0.871094 0.951271 0.871338 0.951271 0.871582 0.951801 0.872070 0.951801 0.871582 0.950212 0.871582 0.949153 0.872314 0.948093 0.872803 0.948093 0.872803 0.947034 0.873047 0.946504 0.873291 0.946504 0.873535 0.947034 0.874023 0.947034 0.874268 0.946504 0.874512 0.946504 0.874512 0.945975 0.874756 0.945445 0.875000 0.945975 0.874756 0.945445 0.874756 0.938559 0.874023 0.938559 0.873779 0.938030 0.873779 0.937500 0.874023 0.936970 0.874268 0.936970 0.874512 0.937500 0.874512 0.933263 0.874756 0.932733 0.874756 0.929555 0.874512 0.929025
2 0.853027 0.881356 0.852539 0.881886 0.852783 0.881886 0.853027 0.882945 0.853516 0.883475 0.853516 0.885064 0.854004 0.885593 0.854004 0.887182 0.853516 0.887712 0.853516 0.890360 0.853027 0.891419 0.853516 0.890890 0.854004 0.892479 0.854004 0.895127 0.854492 0.896186 0.854492 0.897246 0.854980 0.898305 0.854980 0.900424 0.855225 0.900953 0.855225 0.902013 0.855713 0.900953 0.855957 0.902013 0.856445 0.902542 0.856445 0.903602 0.856201 0.904131 0.855957 0.903072 0.855713 0.904131 0.855469 0.903602 0.855469 0.905191 0.857666 0.909428 0.858398 0.912606 0.858398 0.914195 0.858643 0.913665 0.858887 0.914195 0.858643 0.915254 0.858887 0.916314 0.859375 0.917373 0.859863 0.916843 0.860596 0.916843 0.861572 0.915784 0.861328 0.915254 0.861816 0.914725 0.861572 0.914195 0.860840 0.914195 0.860596 0.913665 0.860596 0.913136 0.861084 0.912606 0.861084 0.912076 0.860840 0.912076 0.860596 0.911017 0.861084 0.910487 0.860840 0.909428 0.861084 0.908898 0.861084 0.906250 0.861572 0.904661 0.861572 0.903602 0.860596 0.899894 0.860352 0.899894 0.860352 0.900953 0.859863 0.901483 0.859863 0.903072 0.859375 0.903602 0.859131 0.902542 0.858887 0.902542 0.858643 0.901483 0.858398 0.901483 0.858154 0.900424 0.857666 0.899894 0.857666 0.898305 0.857910 0.897775 0.858154 0.898305 0.858154 0.897246 0.857910 0.897246 0.857666 0.898305 0.857178 0.898305 0.856934 0.897775 0.856689 0.898305 0.855469 0.898305 0.854736 0.896716 0.854980 0.896186 0.855713 0.896716 0.855713 0.896186 0.855469 0.895657 0.855469 0.894597 0.855469 0.895657 0.855225 0.896186 0.854980 0.895127 0.854492 0.894597 0.854492 0.894068 0.854980 0.893008 0.854736 0.892479 0.854980 0.891949 0.854736 0.890890 0.854980 0.890360 0.854004 0.889831 0.853760 0.889301 0.853760 0.887712 0.854248 0.887182 0.854248 0.883475 0.854492 0.882945 0.853760 0.880826 0.853516 0.881356
2 0.421387 0.873941 0.421387 0.875530 0.421143 0.876059 0.420898 0.876059 0.420898 0.878708 0.420654 0.879237 0.420410 0.879237 0.420410 0.884004 0.420654 0.884004 0.420898 0.884534 0.420898 0.886123 0.421631 0.886123 0.421631 0.884534 0.421875 0.884004 0.422607 0.884004 0.422607 0.883475 0.422852 0.882945 0.423096 0.882945 0.423096 0.882415 0.423340 0.881886 0.425049 0.881886 0.425293 0.882415 0.425293 0.882945 0.425537 0.882945 0.425781 0.883475 0.425781 0.886123 0.427002 0.886123 0.427002 0.884534 0.427246 0.884004 0.427490 0.884004 0.427490 0.882415 0.427246 0.882415 0.427002 0.881886 0.427002 0.879237 0.426270 0.879237 0.426025 0.878708 0.426025 0.878178 0.425293 0.878178 0.425293 0.878708 0.425049 0.879237 0.424805 0.879237 0.424805 0.879767 0.424561 0.880297 0.424316 0.880297 0.424316 0.880826 0.424072 0.881356 0.422852 0.881356 0.422607 0.880826 0.422607 0.873411 0.422363 0.872881 0.422119 0.873411 0.421875 0.873411 0.421631 0.873941
2 0.449463 0.835805 0.447021 0.843750 0.447754 0.846398 0.440918 0.866525 0.441162 0.863347 0.437988 0.860169 0.435791 0.862818 0.437988 0.855403 0.442139 0.855403 0.442139 0.851695 0.439209 0.847987 0.440430 0.845339 0.442139 0.847458 0.440918 0.846398 0.441650 0.840572 0.440186 0.843220 0.440186 0.836864 0.438721 0.842161 0.435059 0.837924 0.436035 0.841631 0.434570 0.856462 0.436035 0.859640 0.433350 0.864407 0.430664 0.847458 0.429932 0.854873 0.429199 0.848517 0.426270 0.851695 0.428223 0.853814 0.426270 0.856462 0.426758 0.860169 0.428711 0.859640 0.427979 0.864407 0.426270 0.864407 0.427246 0.871822 0.429199 0.872352 0.426758 0.875530 0.428223 0.882945 0.429443 0.884004 0.429932 0.880826 0.430908 0.884004 0.433105 0.878708 0.434570 0.889301 0.431641 0.897246 0.431641 0.909428 0.428223 0.912076 0.427002 0.920551 0.423340 0.921610 0.422363 0.941208 0.423828 0.944386 0.425781 0.936970 0.429688 0.938559 0.428223 0.940678 0.427979 0.949153 0.426514 0.945975 0.427002 0.940678 0.425781 0.941737 0.427002 0.948623 0.424805 0.948093 0.426270 0.952331 0.427246 0.950212 0.427246 0.956568 0.427490 0.953390 0.429199 0.956568 0.426758 0.957627 0.427246 0.974047 0.429199 0.969809 0.430664 0.973517 0.429688 0.977754 0.426270 0.976695 0.426270 0.981992 0.423828 0.983051 0.425781 0.984110 0.423828 0.986758 0.427002 0.985699 0.428711 0.990466 0.425781 0.991525 0.425781 0.999470 0.427490 0.998941 0.428223 0.994174 0.430420 0.997881 0.429443 0.986229 0.432129 0.986758 0.432373 0.983581 0.434570 0.986229 0.432861 0.988347 0.435547 0.991525 0.436035 0.999470 0.435791 0.979873 0.433105 0.980932 0.432129 0.976165 0.431396 0.977754 0.431152 0.957097 0.432617 0.962394 0.435303 0.963453 0.432617 0.968750 0.433838 0.972987 0.435059 0.971398 0.433594 0.977225 0.435791 0.978284 0.436523 0.953390 0.435059 0.949682 0.437012 0.948093 0.436768 0.932733 0.436035 0.935381 0.435059 0.933263 0.435059 0.921610 0.433350 0.917903 0.435791 0.916843 0.435791 0.886653 0.438721 0.866525 0.439941 0.868644 0.438721 0.873411 0.446045 0.854873 0.449463 0.842161
2 0.443115 0.792373 0.441895 0.792373 0.441895 0.793432 0.443115 0.795021 0.443115 0.799788 0.442139 0.803496 0.442383 0.813030 0.441650 0.813030 0.441650 0.809322 0.441650 0.814089 0.440674 0.817797 0.438965 0.820975 0.436279 0.822034 0.435547 0.824153 0.435059 0.820445 0.435303 0.818856 0.436523 0.817267 0.434814 0.814619 0.434814 0.812500 0.435547 0.810381 0.435059 0.810381 0.434570 0.811441 0.434570 0.815148 0.433838 0.815678 0.433838 0.820445 0.435059 0.820975 0.435059 0.822564 0.434082 0.824153 0.433838 0.828390 0.433350 0.827860 0.433105 0.824682 0.432373 0.826271 0.431152 0.826271 0.431641 0.828919 0.430908 0.830508 0.429932 0.829979 0.430664 0.825742 0.429199 0.823623 0.430176 0.820975 0.429688 0.819386 0.429932 0.812500 0.429443 0.810381 0.429932 0.808792 0.429688 0.802436 0.429688 0.807733 0.428223 0.811441 0.428955 0.814089 0.428955 0.817797 0.428467 0.819386 0.428223 0.818856 0.428467 0.820445 0.427979 0.820975 0.427979 0.822564 0.427246 0.823093 0.427246 0.824682 0.427734 0.824682 0.427490 0.829979 0.428467 0.832097 0.427979 0.833157 0.427734 0.840042 0.426758 0.842161 0.427734 0.847987 0.428223 0.845869 0.428711 0.846928 0.429932 0.846928 0.429932 0.843220 0.431152 0.841102 0.430420 0.838983 0.430908 0.837924 0.430908 0.835805 0.431396 0.836864 0.431641 0.835275 0.432129 0.835275 0.432129 0.838983 0.432129 0.834216 0.432373 0.833686 0.432617 0.835275 0.433350 0.831568 0.433838 0.831038 0.434082 0.832097 0.435791 0.833157 0.437500 0.829979 0.438477 0.829979 0.438721 0.823623 0.440186 0.821504 0.440674 0.817267 0.441162 0.816208 0.442627 0.816208 0.443115 0.817267 0.443115 0.813559 0.442383 0.811970 0.442627 0.807733 0.443359 0.805614 0.443115 0.802966 0.443604 0.802436 0.444580 0.797140 0.444580 0.795551 0.443604 0.794492
2 0.415039 0.786017 0.415039 0.809852 0.415283 0.809852 0.415527 0.810381 0.415527 0.813030 0.415283 0.813559 0.414307 0.813559 0.414062 0.814089 0.414062 0.815148 0.414795 0.815148 0.414795 0.814619 0.415039 0.814089 0.415283 0.814089 0.415283 0.813559 0.415527 0.813030 0.415771 0.813030 0.416016 0.813559 0.416016 0.814089 0.416260 0.814089 0.416504 0.814619 0.416504 0.815148 0.416748 0.815148 0.416992 0.815678 0.416992 0.816208 0.417725 0.816208 0.417725 0.813030 0.417480 0.813559 0.416992 0.813559 0.416748 0.813030 0.416748 0.810381 0.416992 0.809852 0.417236 0.809852 0.417236 0.809322 0.417480 0.808792 0.417725 0.808792 0.417969 0.809322 0.417969 0.810911 0.418213 0.810911 0.418213 0.807203 0.417969 0.807203 0.417725 0.806674 0.417725 0.801907 0.417969 0.801377 0.418701 0.801377 0.418701 0.799788 0.418945 0.799258 0.419189 0.799258 0.419189 0.795551 0.419434 0.795021 0.419678 0.795021 0.419678 0.793432 0.419922 0.792903 0.420166 0.792903 0.420166 0.792373 0.419922 0.792373 0.419678 0.791843 0.419678 0.791314 0.417969 0.791314 0.417969 0.791843 0.417725 0.792373 0.416504 0.792373 0.416260 0.791843 0.416260 0.791314 0.416016 0.791314 0.415771 0.790784 0.415771 0.788136 0.415527 0.788136 0.415283 0.787606 0.415283 0.786017
2 0.425537 0.781780 0.425293 0.781780 0.425293 0.782309 0.425049 0.782839 0.424805 0.782839 0.424805 0.784428 0.424561 0.784958 0.424316 0.784958 0.424316 0.787606 0.424072 0.788136 0.423828 0.788136 0.423828 0.789195 0.423584 0.789725 0.423584 0.790784 0.423340 0.791314 0.422852 0.791314 0.422852 0.791843 0.423096 0.792373 0.423096 0.794492 0.422852 0.795021 0.422607 0.794492 0.422607 0.793432 0.421875 0.793432 0.421875 0.795551 0.422119 0.796081 0.421875 0.796610 0.421875 0.798199 0.422119 0.797669 0.422119 0.796610 0.422363 0.796081 0.422607 0.796081 0.422852 0.796610 0.423096 0.796081 0.423584 0.796081 0.423828 0.796610 0.423828 0.794492 0.424072 0.793962 0.424561 0.793962 0.424561 0.792903 0.424805 0.792373 0.424805 0.790254 0.424561 0.789725 0.424561 0.789195 0.424316 0.789195 0.424072 0.788665 0.424072 0.788136 0.424316 0.787606 0.424561 0.787606 0.424561 0.784958 0.424805 0.784428 0.425049 0.784428 0.425049 0.783898 0.425293 0.783369 0.425293 0.782839 0.425537 0.782309
