0 0.000000 0.155720 0.000000 0.187500 0.042725 0.214513 0.053711 0.269597 0.068604 0.281250 0.077881 0.239407 0.102295 0.255826 0.042236 0.336864 0.004639 0.304025 0.010742 0.265360 0.000000 0.257415 0.000000 0.504237 0.040039 0.434322 0.106445 0.489936 0.129395 0.552436 0.085938 0.618644 0.104248 0.727754 0.083252 0.746822 0.045410 0.717161 0.000244 0.755297 0.000000 0.809322 0.105469 0.913665 0.136230 0.850636 0.184082 0.856992 0.184082 0.892479 0.155029 0.941208 0.177979 0.999470 0.936523 0.999470 0.912109 0.924788 0.917236 0.905191 0.958740 0.914725 0.999756 0.974047 0.999756 0.933792 0.972168 0.904131 0.999756 0.867585 0.999756 0.483581 0.972900 0.441737 0.999756 0.402542 0.992920 0.000000 0.439941 0.000000 0.443604 0.113347 0.409912 0.169492 0.382568 0.157839 0.358398 0.218220 0.343750 0.143538 0.358154 0.109110 0.344482 0.065148 0.353516 0.000000 0.232666 0.000000 0.219971 0.085275 0.162354 0.135064 0.135010 0.087394 0.149902 0.029131 0.139404 0.000000 0.099365 0.000000 0.066162 0.053496 0.047119 0.130826
2 0.711914 0.927966 0.711182 0.927966 0.711426 0.928496 0.710938 0.929555 0.710449 0.929555 0.710205 0.930085 0.709717 0.930085 0.709473 0.929555 0.709229 0.930085 0.708984 0.930085 0.708984 0.931144 0.709229 0.931144 0.709473 0.931674 0.709473 0.932203 0.709229 0.932733 0.709229 0.933263 0.708740 0.934322 0.708252 0.934322 0.708008 0.934852 0.708008 0.936441 0.707764 0.936970 0.707764 0.937500 0.706787 0.939619 0.706787 0.940148 0.706055 0.941737 0.706299 0.941208 0.707031 0.942797 0.707031 0.943326 0.707764 0.943326 0.708008 0.943856 0.708008 0.944386 0.708740 0.944386 0.708984 0.944915 0.708984 0.945445 0.709717 0.945445 0.709717 0.944915 0.709961 0.944386 0.710693 0.944386 0.710693 0.943326 0.711182 0.942267 0.711426 0.942797 0.711426 0.943326 0.712158 0.943326 0.712402 0.943856 0.712646 0.943856 0.712891 0.944386 0.713135 0.944386 0.713379 0.943856 0.713135 0.943856 0.712891 0.943326 0.713135 0.942797 0.712891 0.942267 0.712891 0.940148 0.713135 0.939619 0.712891 0.939089 0.712891 0.937500 0.712646 0.936970 0.712646 0.936441 0.712402 0.936441 0.712158 0.935911 0.712402 0.935381 0.712402 0.934322 0.712158 0.933792 0.712402 0.933263 0.712402 0.932203 0.712158 0.931674 0.712158 0.930614 0.711914 0.930085 0.712158 0.929555 0.711914 0.929025
2 0.445068 0.903602 0.441406 0.906780 0.441162 0.902542 0.438232 0.900953 0.438721 0.896186 0.437256 0.893008 0.436523 0.897775 0.434570 0.899364 0.433350 0.896716 0.433594 0.891419 0.437256 0.886653 0.433350 0.889301 0.431885 0.894597 0.433350 0.899364 0.431396 0.897246 0.429932 0.903602 0.428711 0.902013 0.424805 0.907309 0.426758 0.909958 0.426514 0.915254 0.423584 0.918432 0.421631 0.916843 0.421387 0.912606 0.424561 0.913665 0.425049 0.909958 0.419922 0.913136 0.418945 0.918962 0.423340 0.923729 0.422119 0.931674 0.418213 0.920021 0.416260 0.921081 0.418945 0.923729 0.417725 0.931144 0.414551 0.930085 0.415771 0.926907 0.413818 0.924788 0.415527 0.923199 0.413330 0.923199 0.413818 0.935381 0.410889 0.934322 0.409668 0.931144 0.411133 0.929555 0.410889 0.924788 0.408691 0.931674 0.410400 0.936970 0.408691 0.940148 0.408691 0.945445 0.409912 0.945445 0.410156 0.948623 0.407959 0.951271 0.408447 0.948093 0.404785 0.945975 0.401855 0.951271 0.400879 0.948093 0.396729 0.964513 0.382080 0.994703 0.381348 0.999470 0.397217 0.999470 0.398438 0.991525 0.400879 0.994174 0.398926 0.999470 0.401367 0.999470 0.408936 0.984640 0.406494 0.982521 0.416504 0.969280 0.416992 0.962394 0.414795 0.956568 0.415283 0.953390 0.416748 0.951801 0.418945 0.958686 0.434570 0.927436 0.433105 0.927436 0.434814 0.922669 0.431396 0.926907 0.426270 0.925847 0.427246 0.931674 0.429443 0.932203 0.427002 0.933792 0.423340 0.942797 0.422119 0.936441 0.423828 0.932733 0.425537 0.933263 0.424072 0.931674 0.425537 0.929555 0.425293 0.923729 0.431885 0.923199 0.431641 0.917903 0.438477 0.904131 0.440918 0.906250 0.442383 0.912606 0.444580 0.909428 0.444336 0.906250 0.445801 0.907839
2 0.443604 0.880826 0.444092 0.880826 0.444336 0.881356 0.444336 0.882945 0.445068 0.882945 0.445312 0.883475 0.445557 0.882415 0.446045 0.881886 0.445801 0.881356 0.446045 0.880826 0.447021 0.880826 0.447266 0.880297 0.447510 0.880826 0.447998 0.879767 0.448242 0.880826 0.448730 0.880826 0.449219 0.879237 0.449463 0.879767 0.449463 0.879237 0.449951 0.878178 0.450195 0.879237 0.450195 0.877119 0.450439 0.876589 0.450684 0.877119 0.450684 0.878708 0.451172 0.879237 0.451172 0.880826 0.451172 0.879767 0.451416 0.879237 0.451904 0.881356 0.452148 0.881356 0.453369 0.884004 0.454102 0.884534 0.454102 0.883475 0.454346 0.882945 0.455078 0.882945 0.455322 0.882415 0.455078 0.881356 0.455322 0.880826 0.455566 0.881356 0.455566 0.879767 0.456055 0.879237 0.456055 0.878708 0.456543 0.877648 0.456787 0.877648 0.457031 0.878708 0.458252 0.878708 0.458496 0.879767 0.458740 0.879767 0.458496 0.878708 0.458008 0.878708 0.457764 0.878178 0.458008 0.877648 0.459229 0.877648 0.459473 0.876589 0.460205 0.876589 0.460449 0.877648 0.460693 0.877648 0.460693 0.876059 0.460449 0.876059 0.460205 0.875000 0.458740 0.875000 0.458496 0.873941 0.458252 0.875000 0.457031 0.875000 0.456787 0.874470 0.456787 0.872881 0.456299 0.873411 0.455811 0.872352 0.455811 0.870763 0.455566 0.870763 0.455322 0.869703 0.455078 0.869703 0.455078 0.870763 0.454590 0.871292 0.454834 0.871292 0.455566 0.873411 0.455566 0.874470 0.455322 0.875000 0.454590 0.875000 0.454346 0.874470 0.454346 0.872881 0.453613 0.872881 0.453125 0.871822 0.453369 0.870763 0.453125 0.870763 0.452881 0.869703 0.451904 0.870763 0.451660 0.870233 0.451416 0.870763 0.451172 0.870233 0.450928 0.870763 0.450684 0.870233 0.449707 0.870233 0.449463 0.869703 0.448975 0.871822 0.448486 0.871822 0.448242 0.871292 0.447266 0.871292 0.446777 0.872352 0.446777 0.873411 0.446289 0.874470 0.446289 0.875530 0.445068 0.878178 0.444824 0.878178 0.444824 0.878708 0.444336 0.879237 0.444092 0.880297
2 0.686035 0.862288 0.686035 0.863877 0.686279 0.864407 0.686279 0.865466 0.686035 0.865996 0.686279 0.866525 0.686035 0.867585 0.686523 0.868644 0.687012 0.870763 0.687012 0.871822 0.687744 0.875000 0.687744 0.876589 0.688477 0.878178 0.688721 0.880826 0.689941 0.882945 0.690430 0.882945 0.690918 0.884004 0.690918 0.886123 0.691406 0.887712 0.691406 0.888771 0.692383 0.889831 0.692383 0.890890 0.692871 0.891949 0.692871 0.894068 0.693359 0.894597 0.693115 0.893538 0.693115 0.891419 0.693848 0.889301 0.694336 0.889301 0.694824 0.890360 0.694824 0.891419 0.695068 0.891419 0.695068 0.889831 0.695312 0.889301 0.695801 0.889831 0.695801 0.891419 0.697510 0.891419 0.697510 0.890890 0.697998 0.890360 0.697998 0.889831 0.697510 0.889301 0.697510 0.887712 0.697266 0.887712 0.697021 0.886653 0.696289 0.886653 0.696045 0.887712 0.694824 0.887712 0.694580 0.886653 0.693848 0.886653 0.693604 0.886123 0.693604 0.884534 0.693359 0.884534 0.693115 0.883475 0.692627 0.882945 0.692627 0.882415 0.691895 0.882415 0.691650 0.881886 0.691650 0.878178 0.691895 0.877648 0.692627 0.877648 0.692871 0.876589 0.693604 0.876589 0.693604 0.875000 0.694092 0.873941 0.693848 0.873941 0.693604 0.872881 0.693115 0.872881 0.692627 0.871822 0.692627 0.868644 0.691406 0.868644 0.691162 0.868114 0.691162 0.865466 0.690918 0.865466 0.690918 0.867055 0.690430 0.867585 0.690186 0.868644 0.689941 0.868644 0.688965 0.864407 0.688721 0.865466 0.688477 0.864936 0.688477 0.863877 0.688232 0.864407 0.687744 0.863347 0.687500 0.863877
2 0.557861 0.791314 0.557617 0.790784 0.557373 0.790784 0.557129 0.790254 0.557129 0.789725 0.556885 0.790254 0.556641 0.790254 0.556396 0.790784 0.556152 0.790254 0.555908 0.790784 0.555664 0.790254 0.554199 0.790254 0.554199 0.790784 0.553955 0.791314 0.553711 0.791314 0.553467 0.791843 0.553467 0.792373 0.553223 0.792903 0.552979 0.792903 0.552734 0.793432 0.551025 0.793432 0.550781 0.792903 0.550781 0.792373 0.550537 0.792903 0.550293 0.792903 0.550049 0.793432 0.549805 0.793432 0.549561 0.793962 0.549316 0.793962 0.549072 0.793432 0.547852 0.793432 0.547607 0.793962 0.547607 0.794492 0.546875 0.796081 0.546875 0.797669 0.547119 0.797669 0.547363 0.797140 0.547852 0.797140 0.548096 0.796610 0.548340 0.796610 0.548584 0.796081 0.549072 0.796081 0.549316 0.795551 0.549561 0.795551 0.549805 0.795021 0.550537 0.795021 0.550781 0.794492 0.551758 0.794492 0.552002 0.793962 0.552979 0.793962 0.553223 0.793432 0.554199 0.793432 0.554443 0.792903 0.555176 0.792903 0.555420 0.792373 0.555664 0.792373 0.555908 0.791843 0.556885 0.791843 0.557129 0.791314
2 0.654297 0.747881 0.654297 0.748411 0.654053 0.748941 0.653809 0.748941 0.654053 0.748941 0.654541 0.750000 0.654297 0.750530 0.654541 0.751059 0.654541 0.753178 0.654297 0.753708 0.654297 0.754237 0.654053 0.754767 0.653809 0.754237 0.653809 0.755297 0.654541 0.756886 0.655029 0.756886 0.655029 0.756356 0.654785 0.756356 0.654541 0.755826 0.654541 0.754237 0.654785 0.753708 0.655273 0.753708 0.655762 0.752648 0.656006 0.752648 0.656006 0.752119 0.655762 0.751589 0.656006 0.751059 0.656006 0.750530 0.656250 0.750000 0.656494 0.750530 0.656738 0.750530 0.656982 0.751059 0.657227 0.751059 0.657227 0.750000 0.656982 0.749470 0.656982 0.748941 0.656250 0.748941 0.656006 0.749470 0.655762 0.749470 0.655029 0.747881
2 0.606934 0.748411 0.606934 0.749470 0.607178 0.749470 0.607178 0.748941 0.607422 0.748411 0.607910 0.749470 0.608154 0.748941 0.608398 0.749470 0.609131 0.748411 0.609375 0.748941 0.609375 0.750000 0.609619 0.750530 0.609375 0.751059 0.609619 0.751059 0.609863 0.751589 0.609863 0.752119 0.609863 0.751589 0.610107 0.751059 0.610352 0.751589 0.611084 0.751059 0.611328 0.751589 0.611328 0.752648 0.611572 0.752648 0.612305 0.753708 0.613037 0.753708 0.614014 0.751589 0.614014 0.751059 0.613770 0.750530 0.614014 0.750000 0.615234 0.750530 0.615723 0.751589 0.615479 0.752119 0.615234 0.752119 0.615234 0.753178 0.616455 0.753178 0.616699 0.753708 0.616943 0.753178 0.616455 0.751589 0.616699 0.751059 0.616455 0.751059 0.616211 0.750530 0.616211 0.747352 0.616455 0.746822 0.616699 0.747352 0.616699 0.745763 0.615723 0.745763 0.615479 0.745233 0.615967 0.744174 0.616699 0.744174 0.616699 0.743644 0.616455 0.744174 0.616211 0.743644 0.615479 0.743644 0.615234 0.743114 0.615479 0.742585 0.615723 0.742585 0.615723 0.742055 0.615479 0.742055 0.615234 0.741525 0.614990 0.742055 0.614258 0.740996 0.614014 0.741525 0.613770 0.740996 0.612549 0.740996 0.612793 0.741525 0.612305 0.742585 0.612305 0.744174 0.612549 0.744174 0.612793 0.744703 0.612793 0.745233 0.613037 0.745233 0.613525 0.746292 0.612793 0.748941 0.612305 0.748941 0.612061 0.748411 0.612061 0.747881 0.611572 0.746822 0.611816 0.746292 0.611084 0.746292 0.610352 0.745233 0.610107 0.745763 0.609863 0.745763 0.609863 0.746292 0.609619 0.746822 0.609131 0.745233 0.609131 0.744174 0.608643 0.743114 0.608154 0.744174 0.607910 0.744174 0.607910 0.744703 0.607666 0.745233 0.608154 0.745233 0.608398 0.745763 0.608154 0.746292 0.608154 0.746822 0.607910 0.747352 0.607422 0.747352 0.607422 0.747881 0.607178 0.748411
2 0.458984 0.662076 0.458984 0.662606 0.458740 0.663136 0.458496 0.663136 0.458496 0.666843 0.458252 0.667373 0.458008 0.667373 0.458008 0.668962 0.457764 0.669492 0.457764 0.670551 0.458008 0.671081 0.458008 0.671610 0.458496 0.671610 0.458740 0.671081 0.458740 0.670021 0.458496 0.670021 0.458252 0.669492 0.458496 0.668962 0.458740 0.668962 0.458740 0.668432 0.458984 0.667903 0.460205 0.667903 0.460449 0.668432 0.460449 0.668962 0.460205 0.669492 0.459473 0.669492 0.459473 0.673199 0.459717 0.673199 0.459961 0.673729 0.459961 0.674258 0.460205 0.674258 0.460449 0.674788 0.460449 0.675318 0.460693 0.675318 0.461182 0.676907 0.461182 0.677436 0.460693 0.679025 0.460938 0.679555 0.460938 0.681144 0.461182 0.680614 0.462158 0.680614 0.462158 0.680085 0.462402 0.679555 0.463135 0.679555 0.463135 0.677966 0.462891 0.677436 0.462646 0.677966 0.461426 0.677966 0.461182 0.677436 0.461182 0.675847 0.461426 0.675318 0.462158 0.675318 0.462158 0.674788 0.461914 0.674788 0.461670 0.674258 0.461670 0.673729 0.461426 0.673729 0.461182 0.673199 0.461182 0.671610 0.461426 0.671081 0.461670 0.671081 0.461670 0.670551 0.462402 0.669492 0.461914 0.669492 0.461670 0.668962 0.461670 0.668432 0.461914 0.667903 0.461670 0.667373 0.461914 0.666843 0.461182 0.665784 0.460693 0.665784 0.460449 0.665254 0.460205 0.665254 0.459717 0.664195 0.459717 0.663665 0.459473 0.663136 0.459473 0.662606 0.459229 0.662606
2 0.450684 0.643008 0.450684 0.643538 0.450928 0.643538 0.451172 0.644068 0.451172 0.644597 0.451416 0.644597 0.451660 0.645127 0.451660 0.646716 0.452393 0.646716 0.452637 0.647246 0.452637 0.647775 0.452881 0.648305 0.452881 0.646186 0.453125 0.645657 0.453369 0.645657 0.453613 0.646186 0.453613 0.646716 0.456299 0.646716 0.456299 0.646186 0.456543 0.645657 0.456787 0.645657 0.456787 0.645127 0.457031 0.644597 0.457275 0.644597 0.457520 0.645127 0.457520 0.645657 0.458496 0.645657 0.458496 0.642479 0.458740 0.641949 0.458740 0.641419 0.458496 0.640890 0.458496 0.639831 0.458008 0.639831 0.458008 0.642479 0.458252 0.642479 0.458496 0.643008 0.458496 0.643538 0.458252 0.644068 0.457031 0.644068 0.456787 0.643538 0.456787 0.640890 0.456543 0.640890 0.456299 0.640360 0.456299 0.639831 0.453613 0.639831 0.453613 0.640360 0.453369 0.640890 0.453125 0.640890 0.453125 0.643538 0.452881 0.644068 0.452148 0.644068 0.451904 0.643538 0.451904 0.643008 0.451660 0.643008 0.451416 0.642479 0.451416 0.641949 0.451172 0.641949 0.451172 0.642479 0.450928 0.643008
2 0.433838 0.622881 0.433838 0.623411 0.434326 0.624470 0.434326 0.625000 0.434570 0.625530 0.434570 0.626059 0.435059 0.627119 0.435059 0.627648 0.436279 0.630297 0.436523 0.630297 0.437256 0.631886 0.437500 0.631886 0.437988 0.632945 0.437744 0.632415 0.437744 0.631356 0.437988 0.630826 0.438232 0.630826 0.438232 0.630297 0.438477 0.629767 0.439697 0.629767 0.439697 0.629237 0.439453 0.629237 0.439209 0.628708 0.439209 0.628178 0.439453 0.627648 0.439697 0.627648 0.440186 0.628708 0.440186 0.628178 0.440430 0.627648 0.440674 0.627648 0.440674 0.626059 0.440430 0.626059 0.440186 0.625530 0.440186 0.625000 0.439941 0.625000 0.439697 0.624470 0.439697 0.623941 0.438965 0.623941 0.438965 0.624470 0.439453 0.624470 0.439697 0.625000 0.439209 0.626059 0.438965 0.626059 0.438965 0.626589 0.438721 0.627119 0.437744 0.627119 0.437500 0.627648 0.437256 0.627119 0.437500 0.627648 0.437500 0.629767 0.437256 0.630297 0.437012 0.629767 0.437012 0.628708 0.436768 0.628178 0.436523 0.628178 0.436279 0.627648 0.436279 0.627119 0.435791 0.627119 0.435303 0.626059 0.435303 0.625530 0.435059 0.625000 0.434814 0.625000 0.434570 0.624470 0.434570 0.623941 0.434326 0.623941
2 0.448242 0.620763 0.448242 0.621822 0.447754 0.622881 0.447754 0.623411 0.447998 0.623411 0.448242 0.623941 0.448242 0.624470 0.448975 0.624470 0.449219 0.625000 0.449219 0.625530 0.450439 0.625530 0.450928 0.626589 0.450684 0.627119 0.450195 0.627119 0.450195 0.628708 0.449951 0.629237 0.449463 0.629237 0.449219 0.629767 0.449219 0.631356 0.449463 0.631886 0.449951 0.631886 0.449951 0.629237 0.450195 0.628708 0.453857 0.628708 0.454102 0.629237 0.454102 0.629767 0.454346 0.629767 0.454590 0.630297 0.454590 0.630826 0.454346 0.631356 0.454102 0.631356 0.453857 0.630826 0.453369 0.630826 0.453125 0.630297 0.452881 0.630297 0.452637 0.630826 0.452881 0.631356 0.452881 0.631886 0.453369 0.632945 0.453369 0.634004 0.454346 0.634004 0.454590 0.633475 0.454834 0.633475 0.455078 0.634004 0.455811 0.634004 0.455811 0.632415 0.455566 0.632415 0.455322 0.631886 0.455322 0.631356 0.455078 0.631356 0.454834 0.630826 0.454834 0.630297 0.455078 0.629767 0.455322 0.629767 0.455322 0.629237 0.454590 0.627648 0.454346 0.627648 0.453613 0.626059 0.453613 0.625530 0.452881 0.623941 0.452637 0.623941 0.452148 0.622881 0.451172 0.622881 0.450928 0.622352 0.450439 0.622352 0.450195 0.621822 0.449463 0.621822 0.449219 0.621292 0.448975 0.621822 0.448730 0.621822 0.448486 0.621292 0.448486 0.620763
2 0.440918 0.612818 0.440674 0.613347 0.440430 0.613347 0.440186 0.613877 0.439941 0.613347 0.439941 0.613877 0.439697 0.614407 0.438965 0.614407 0.438965 0.615996 0.438721 0.616525 0.437988 0.616525 0.437988 0.617055 0.437744 0.617585 0.437500 0.617585 0.437500 0.618114 0.437256 0.618644 0.436523 0.618644 0.436523 0.620233 0.436768 0.620233 0.437012 0.620763 0.437012 0.623411 0.437256 0.623411 0.437256 0.621822 0.437500 0.621292 0.437744 0.621292 0.437988 0.621822 0.437988 0.622352 0.438721 0.622352 0.438721 0.619703 0.438477 0.619703 0.438232 0.619174 0.438232 0.618644 0.438477 0.618114 0.439697 0.618114 0.439697 0.617585 0.439453 0.617585 0.439209 0.617055 0.439209 0.616525 0.439453 0.615996 0.440186 0.615996 0.440186 0.615466 0.440430 0.614936 0.440674 0.614936 0.440918 0.615466 0.440918 0.615996 0.441406 0.615996 0.441162 0.615466 0.441406 0.614936 0.441162 0.615466 0.440918 0.614936
2 0.424072 0.593750 0.423828 0.594280 0.423828 0.596928 0.424072 0.596928 0.424316 0.597458 0.424316 0.598517 0.424561 0.597987 0.424805 0.598517 0.425049 0.598517 0.425293 0.599047 0.425537 0.599047 0.425781 0.598517 0.425781 0.597987 0.425537 0.597458 0.425537 0.596398 0.425781 0.595869 0.425781 0.595339 0.426025 0.594809 0.426270 0.595339 0.426270 0.596928 0.426514 0.596928 0.426758 0.597458 0.426758 0.597987 0.426514 0.598517 0.426270 0.598517 0.426270 0.599047 0.427002 0.599047 0.427246 0.599576 0.427246 0.600106 0.427490 0.600106 0.427979 0.599047 0.428223 0.599576 0.428223 0.600106 0.428467 0.600106 0.428711 0.600636 0.428711 0.601165 0.428467 0.601695 0.427490 0.601695 0.427734 0.602225 0.427734 0.602754 0.427979 0.603284 0.427979 0.603814 0.428223 0.604343 0.428223 0.604873 0.428467 0.604873 0.428467 0.603284 0.428711 0.602754 0.428711 0.601695 0.428955 0.601165 0.428223 0.599576 0.428467 0.599047 0.427979 0.597987 0.427979 0.597458 0.427734 0.596928 0.427490 0.596928 0.427246 0.596398 0.427246 0.595869 0.427002 0.596398 0.426758 0.595869 0.426514 0.595869 0.426270 0.595339 0.426514 0.594809 0.426758 0.594809 0.426514 0.594280 0.426514 0.593750 0.426270 0.593220 0.425781 0.593220 0.425537 0.593750 0.425049 0.593750 0.424805 0.593220 0.424561 0.593220 0.424316 0.593750
2 0.414551 0.583686 0.414551 0.584216 0.414795 0.584216 0.415039 0.584746 0.415039 0.585275 0.415283 0.585275 0.415527 0.585805 0.415527 0.586335 0.415771 0.586335 0.416016 0.586864 0.416016 0.587394 0.416748 0.587394 0.416992 0.587924 0.416992 0.588453 0.417236 0.588453 0.417480 0.588983 0.417480 0.589513 0.417725 0.589513 0.417969 0.590042 0.417969 0.590572 0.417725 0.591102 0.416992 0.591102 0.416992 0.592691 0.418701 0.592691 0.419434 0.593750 0.419678 0.593220 0.419922 0.593750 0.419922 0.594280 0.420410 0.592691 0.420898 0.592691 0.421143 0.592161 0.421387 0.592691 0.421875 0.591631 0.423096 0.591631 0.423096 0.591102 0.423340 0.590572 0.424072 0.590572 0.424072 0.590042 0.424316 0.589513 0.425049 0.589513 0.425049 0.587924 0.424316 0.587924 0.424072 0.587394 0.424072 0.586864 0.423340 0.586864 0.423096 0.586335 0.423096 0.585275 0.422363 0.583686 0.422119 0.583686 0.421631 0.584746 0.421143 0.584746 0.420898 0.584216 0.420898 0.583157 0.421143 0.582627 0.420654 0.582627 0.420410 0.582097 0.419678 0.582097 0.419434 0.581568 0.418457 0.581568 0.418213 0.581038 0.417725 0.581038 0.416992 0.579979 0.416504 0.579979 0.416748 0.579979 0.416992 0.580508 0.416992 0.582097 0.417480 0.582097 0.417969 0.583157 0.417969 0.584216 0.418213 0.584216 0.418457 0.584746 0.418457 0.586335 0.418213 0.586864 0.416504 0.586864 0.416260 0.586335 0.416260 0.584746 0.415039 0.584746 0.414795 0.584216 0.414795 0.583686
2 0.465576 0.578919 0.459961 0.597987 0.475098 0.656780 0.472656 0.665784 0.485840 0.682203 0.478516 0.684322 0.484131 0.691737 0.487305 0.719809 0.483398 0.719809 0.465332 0.668432 0.463867 0.677436 0.468262 0.683792 0.458984 0.682733 0.487305 0.754237 0.497070 0.760064 0.502930 0.779131 0.499756 0.781250 0.495605 0.761653 0.495850 0.782309 0.499756 0.774894 0.499512 0.784958 0.493652 0.791314 0.489502 0.815678 0.474121 0.830508 0.476562 0.843750 0.472412 0.836864 0.458984 0.865996 0.467041 0.876589 0.472900 0.854343 0.477295 0.860699 0.479736 0.843750 0.482666 0.856462 0.491943 0.828919 0.494629 0.844280 0.502441 0.853814 0.502686 0.938030 0.509277 0.931144 0.503174 0.966102 0.503418 0.981992 0.504639 0.969809 0.505615 0.988877 0.508545 0.983581 0.510254 0.994703 0.507568 0.999470 0.517090 0.999470 0.517334 0.990996 0.520020 0.999470 0.544922 0.999470 0.543457 0.932203 0.529541 0.917903 0.532227 0.904131 0.536377 0.906250 0.534424 0.885593 0.530518 0.889301 0.532471 0.863877 0.522217 0.805085 0.526123 0.816208 0.527100 0.802966 0.531982 0.799258 0.530029 0.788665 0.547119 0.789725 0.568848 0.770657 0.522705 0.793432 0.519287 0.781780 0.509033 0.781780 0.514648 0.756886 0.507568 0.699682 0.511719 0.677436 0.500000 0.668432 0.481201 0.604343
2 0.680664 0.350106 0.680664 0.350636 0.680420 0.351165 0.679932 0.350106 0.679932 0.349576 0.679688 0.349576 0.679688 0.352225 0.679443 0.352754 0.678711 0.352754 0.678711 0.353284 0.678467 0.353814 0.678223 0.353814 0.678223 0.355403 0.678467 0.355403 0.678711 0.355932 0.678711 0.356462 0.678467 0.356992 0.677734 0.356992 0.677490 0.356462 0.677490 0.355932 0.677246 0.355932 0.677246 0.357521 0.677002 0.358051 0.674316 0.358051 0.674316 0.358581 0.674072 0.359110 0.673828 0.359110 0.673828 0.360169 0.673340 0.361229 0.672852 0.361229 0.672852 0.362288 0.672607 0.362818 0.673340 0.362818 0.673584 0.363347 0.674316 0.363347 0.674561 0.363877 0.676270 0.363877 0.676514 0.364407 0.678223 0.364407 0.678467 0.363877 0.678711 0.363877 0.678955 0.363347 0.679443 0.363347 0.679688 0.362818 0.679688 0.362288 0.679932 0.361758 0.680176 0.362288 0.680420 0.361758 0.680664 0.361758 0.681152 0.360699 0.681396 0.360699 0.681152 0.360169 0.681152 0.357521 0.681396 0.356992 0.681641 0.357521 0.681641 0.359640 0.681641 0.355403 0.681396 0.354873 0.681396 0.352754 0.681152 0.352754 0.680908 0.352225 0.680908 0.351165 0.680664 0.350636
2 0.184570 0.189089 0.188721 0.197034 0.192871 0.197564 0.208252 0.215572 0.211182 0.215572 0.217041 0.226165 0.232422 0.233051 0.239746 0.230403 0.242676 0.234640 0.246094 0.231462 0.249023 0.238347 0.262939 0.251589 0.269775 0.260593 0.274902 0.272246 0.277100 0.270657 0.275635 0.273305 0.284180 0.280720 0.303955 0.310381 0.306152 0.317267 0.306396 0.330508 0.316162 0.336864 0.320801 0.348517 0.324951 0.353284 0.326172 0.358581 0.324707 0.362818 0.327393 0.370763 0.329102 0.370763 0.328125 0.372881 0.331543 0.378178 0.333740 0.387712 0.337402 0.390360 0.339111 0.400424 0.343018 0.400424 0.341553 0.396186 0.343506 0.395657 0.344238 0.402013 0.342773 0.403602 0.345459 0.405191 0.347168 0.398305 0.348633 0.398305 0.349365 0.394597 0.343750 0.381886 0.340576 0.364407 0.337158 0.363347 0.336914 0.359110 0.330811 0.346928 0.327637 0.329449 0.318115 0.303496 0.309326 0.295551 0.282471 0.254237 0.281494 0.256356 0.278564 0.247881 0.265869 0.237288 0.256348 0.218220 0.249512 0.215572 0.247803 0.218750 0.238525 0.218750 0.215088 0.203390 0.191895 0.183263 0.188965 0.183263
2 0.805420 0.141949 0.796387 0.132415 0.789062 0.131356 0.779785 0.144068 0.778564 0.151483 0.776367 0.152542 0.775879 0.146186 0.769775 0.150953 0.770020 0.156780 0.765869 0.154131 0.763916 0.160487 0.765381 0.163136 0.761719 0.163136 0.762207 0.158898 0.761475 0.165254 0.760254 0.162606 0.755615 0.169492 0.756836 0.172140 0.753906 0.172669 0.751221 0.182203 0.748535 0.183263 0.749512 0.185911 0.747803 0.189619 0.736328 0.194915 0.735596 0.200212 0.731934 0.201271 0.726074 0.218220 0.723877 0.218750 0.725830 0.215042 0.723877 0.212924 0.724854 0.208686 0.712158 0.239936 0.713867 0.247352 0.711914 0.264301 0.710449 0.259534 0.707764 0.266949 0.708252 0.262712 0.706055 0.263771 0.707275 0.268008 0.702881 0.264831 0.698730 0.269068 0.687012 0.302436 0.686035 0.314089 0.680664 0.320975 0.683594 0.323623 0.680176 0.324153 0.680908 0.327331 0.677246 0.338453 0.681396 0.338453 0.679443 0.335275 0.682129 0.326801 0.683105 0.334216 0.683350 0.327331 0.685059 0.327331 0.685547 0.338453 0.691650 0.332097 0.690918 0.327860 0.692627 0.329979 0.692139 0.323623 0.699463 0.295551 0.704102 0.291314 0.702881 0.282839 0.704590 0.285487 0.706055 0.281780 0.702637 0.282839 0.702637 0.274364 0.698730 0.282839 0.696777 0.274364 0.698730 0.269597 0.703857 0.268538 0.704590 0.274894 0.707764 0.270657 0.706787 0.277542 0.703613 0.279131 0.708252 0.278602 0.708984 0.282839 0.710449 0.279661 0.709717 0.271186 0.713135 0.269068 0.714600 0.257415 0.720703 0.256356 0.729004 0.237288 0.728516 0.233581 0.735107 0.229343 0.737549 0.222987 0.739990 0.224047 0.740479 0.214513 0.744873 0.209746 0.744385 0.204449 0.747070 0.198623 0.748047 0.201801 0.760742 0.182733 0.763916 0.183263 0.780029 0.167373 0.780273 0.162606 0.781738 0.166314 0.789062 0.158369 0.801270 0.154661 0.805908 0.147775
