0 0.011230 0.320445 0.016602 0.359640 0.000000 0.395127 0.031006 0.430085 0.035645 0.483051 0.011475 0.511653 0.015869 0.588453 0.000000 0.609640 0.000000 0.929555 0.018066 0.937500 0.024902 0.999470 0.168945 0.999470 0.195801 0.960805 0.207275 0.999470 0.223633 0.976695 0.258301 0.999470 0.485840 0.999470 0.563477 0.979873 0.580078 0.999470 0.601562 0.968750 0.710693 0.968750 0.751953 0.813559 0.755127 0.728814 0.775635 0.702860 0.787354 0.621292 0.819336 0.518008 0.796387 0.485699 0.786377 0.431144 0.764893 0.421081 0.747314 0.363347 0.747070 0.313030 0.696289 0.256356 0.705566 0.189619 0.662109 0.154131 0.651123 0.102754 0.626221 0.092161 0.627441 0.057203 0.597168 0.000000 0.585693 0.000000 0.553711 0.075742 0.532227 0.056144 0.527832 0.000000 0.437744 0.024894 0.423340 0.000000 0.348633 0.000000 0.338623 0.024894 0.319824 0.007415 0.310059 0.048199 0.274170 0.058263 0.265625 0.025424 0.245361 0.026483 0.232422 0.082627 0.198486 0.077331 0.175293 0.108051 0.178467 0.154661 0.165771 0.198623 0.115479 0.161547 0.103516 0.216102 0.070557 0.277013 0.032959 0.271186
1 0.371826 0.953390 0.371094 0.952331 0.370850 0.954449 0.369629 0.954449 0.369385 0.955508 0.368652 0.955508 0.368652 0.958157 0.367432 0.960805 0.366699 0.958686 0.365723 0.965572 0.366943 0.965572 0.367188 0.967691 0.367920 0.967691 0.368164 0.968750 0.369873 0.968750 0.370117 0.967691 0.370850 0.967691 0.370850 0.966102 0.371826 0.965572 0.371826 0.957627 0.372314 0.957097
1 0.024902 0.950212 0.026855 0.960805 0.027344 0.957627 0.026855 0.957097 0.026855 0.955508 0.026123 0.953919 0.026367 0.953390 0.026123 0.953919 0.025879 0.952331 0.024902 0.951271
1 0.014893 0.932203 0.015381 0.933792 0.018311 0.936970 0.018311 0.938559 0.019043 0.940148 0.019287 0.938559 0.020020 0.938030 0.019531 0.938030 0.019043 0.936441 0.018066 0.936441 0.016357 0.932733 0.016602 0.932203 0.016113 0.931144 0.015869 0.932203
1 0.378906 0.917373 0.378174 0.919492 0.377441 0.919492 0.376953 0.920551 0.376953 0.922140 0.376221 0.923729 0.375000 0.923729 0.375000 0.931674 0.373047 0.932733 0.373535 0.933263 0.373535 0.934852 0.375000 0.935381 0.375000 0.946504 0.378662 0.946504 0.378906 0.948623 0.380127 0.948623 0.380127 0.945975 0.381348 0.943326 0.382568 0.943326 0.382568 0.921610 0.381836 0.921610 0.381104 0.923729 0.379395 0.923729 0.379150 0.922669 0.380127 0.921081 0.380127 0.918432 0.379639 0.917373
1 0.334229 0.889301 0.333984 0.893008 0.334473 0.894597 0.335693 0.894597 0.335693 0.893538 0.336670 0.891949 0.336182 0.891949 0.335693 0.889831 0.335205 0.890360
1 0.392090 0.889301 0.392822 0.889301 0.392822 0.886653 0.393311 0.886123 0.393555 0.884004 0.394287 0.884004 0.394531 0.881886 0.398193 0.881356 0.392578 0.881356
1 0.392090 0.830508 0.392090 0.837394 0.391602 0.838453 0.392578 0.838983 0.392578 0.841631 0.393066 0.842691 0.394531 0.843220 0.394531 0.846398 0.395996 0.847458 0.395996 0.851165 0.396484 0.852225 0.396973 0.851165 0.397705 0.851165 0.398438 0.849047 0.402100 0.849047 0.402588 0.847987 0.402100 0.843750 0.402344 0.839513 0.402100 0.842161 0.400879 0.842161 0.400635 0.841102 0.398438 0.841102 0.398193 0.838983 0.397217 0.838453 0.397217 0.836864 0.398193 0.835805 0.397217 0.835275 0.396729 0.831568 0.395996 0.831568 0.395264 0.833686 0.394531 0.833686 0.394043 0.834746 0.393799 0.833686 0.393066 0.833686 0.392822 0.831568
1 0.683105 0.689619 0.682373 0.691208 0.681641 0.691208 0.682129 0.692267 0.682129 0.694386 0.681152 0.694386 0.682129 0.697034 0.682861 0.694915 0.683105 0.696504 0.683350 0.695975 0.683594 0.690678
1 0.621582 0.645127 0.621094 0.647775 0.621094 0.649894 0.621582 0.650424 0.620361 0.653072 0.620117 0.652542 0.620605 0.650953 0.619385 0.655191 0.618408 0.655191 0.619385 0.657309 0.620605 0.656780 0.621338 0.657839 0.621826 0.657309 0.621582 0.656250 0.622070 0.655191 0.622559 0.655191 0.623291 0.656780 0.622803 0.658898 0.621826 0.658898 0.621338 0.660487 0.620605 0.659958 0.620605 0.661017 0.620850 0.660487 0.622559 0.664725 0.623047 0.662606 0.623779 0.663136 0.624268 0.664725 0.624023 0.667903 0.624512 0.668962 0.625488 0.666843 0.626953 0.670551 0.626953 0.672140 0.627441 0.671081 0.628174 0.672140 0.628662 0.670551 0.628906 0.671081 0.629150 0.669492 0.629639 0.670021 0.629395 0.670551 0.629883 0.671081 0.628906 0.674788 0.629883 0.676907 0.628906 0.677436 0.628906 0.679555 0.629395 0.678496 0.631592 0.677966 0.632568 0.676907 0.632812 0.677436 0.633789 0.676377 0.634033 0.673729 0.633301 0.669492 0.633545 0.667373 0.632568 0.665254 0.633545 0.664725 0.635498 0.660487 0.635498 0.658898 0.635010 0.658369 0.635498 0.657839 0.635498 0.656780 0.635010 0.656780 0.634766 0.655191 0.634521 0.655720 0.634033 0.654661 0.635010 0.654131 0.635498 0.652542 0.634766 0.653602 0.634033 0.652542 0.633057 0.653072 0.632324 0.652013 0.631348 0.652013 0.630371 0.653602 0.628418 0.653602 0.627686 0.654661 0.626465 0.653072 0.625488 0.648835 0.625000 0.650424 0.625000 0.653602 0.623535 0.654131 0.623047 0.650953 0.623535 0.649364 0.622559 0.649894 0.621826 0.648305
1 0.605713 0.626589 0.607422 0.630826 0.608154 0.630826 0.608887 0.632415 0.610352 0.630826 0.610352 0.633475 0.609619 0.635064 0.610352 0.636123 0.611328 0.635593 0.611084 0.635064 0.611572 0.632945 0.610840 0.631356 0.611328 0.630297 0.612061 0.631886 0.611084 0.629767 0.612061 0.627648 0.610107 0.623941 0.608398 0.623411 0.607910 0.623941 0.608398 0.624470
1 0.123047 0.618644 0.122559 0.618644 0.122070 0.619703 0.122070 0.621292 0.121338 0.621822 0.121338 0.623411 0.121826 0.623411 0.122070 0.624470 0.122803 0.624470 0.123779 0.622352 0.123779 0.620763
1 0.607422 0.614407 0.607666 0.619174 0.608154 0.618644 0.608154 0.620233 0.608643 0.621292 0.609619 0.621292 0.609619 0.619703 0.608887 0.619174 0.608887 0.617585 0.608154 0.614936
1 0.685791 0.609110 0.687012 0.617055 0.688721 0.620763 0.689453 0.620233 0.689209 0.619174 0.689697 0.616525 0.689209 0.615996 0.689209 0.614407 0.687500 0.612288 0.687500 0.610169 0.686768 0.608581
1 0.047852 0.560381 0.048340 0.561441 0.047852 0.561970 0.049316 0.563559 0.048828 0.565148 0.049561 0.565148 0.049561 0.564089 0.050781 0.564089 0.051758 0.562500 0.051758 0.560911 0.050293 0.561441 0.049316 0.559322 0.048340 0.559322
1 0.055908 0.549788 0.055664 0.552966 0.056396 0.554555 0.058105 0.555614 0.058594 0.553496
1 0.304443 0.545551 0.303223 0.546610 0.303467 0.550318 0.304443 0.550318 0.304932 0.548199
1 0.036377 0.549788 0.037842 0.551377 0.037109 0.551907 0.038574 0.552436 0.039307 0.550847 0.040039 0.551377 0.040039 0.550318 0.041016 0.551377 0.041016 0.549258 0.041992 0.550318 0.045654 0.549788 0.046143 0.551377 0.046631 0.551377 0.047363 0.549258 0.047363 0.546081 0.046631 0.542903 0.042969 0.542373 0.039307 0.539195 0.038574 0.540784 0.039062 0.542373 0.039062 0.544492 0.037354 0.546081
1 0.074707 0.539195 0.074463 0.538665 0.072021 0.539725 0.071289 0.540784 0.071045 0.542903 0.072021 0.543962 0.074463 0.543432
1 0.800293 0.525424 0.800781 0.527542 0.800537 0.528072 0.800049 0.527013 0.799805 0.528072 0.800049 0.532309 0.801025 0.534428 0.800537 0.534958 0.800049 0.533898 0.800537 0.534958 0.800293 0.536017 0.801758 0.535487 0.800781 0.534958 0.801514 0.534428 0.802002 0.532839 0.802246 0.533898 0.802490 0.532839 0.801270 0.527542
1 0.795898 0.520127 0.794922 0.522775 0.794922 0.525424 0.795410 0.526483 0.796875 0.523305 0.796875 0.522246
1 0.326660 0.516419 0.327148 0.516419 0.327881 0.519068 0.327637 0.522246 0.327148 0.522775 0.326416 0.521186 0.326904 0.522246 0.326172 0.523305 0.327148 0.527013 0.327637 0.527013 0.327881 0.525424 0.329102 0.526483 0.331787 0.525424 0.332031 0.525953 0.331787 0.523835 0.332031 0.524894 0.331543 0.525424 0.330322 0.523305 0.328857 0.522246 0.328125 0.522775 0.328125 0.521186 0.329346 0.520127 0.329834 0.520657 0.329834 0.519597 0.329346 0.520127 0.328857 0.518538 0.328125 0.518008 0.328613 0.516419
1 0.297119 0.516949 0.296631 0.516419 0.296631 0.514301 0.296143 0.512712 0.295410 0.512712 0.296143 0.514301 0.295898 0.514831 0.293945 0.514831 0.293701 0.515890 0.292969 0.515890 0.292725 0.519068 0.289062 0.519068 0.288818 0.515360 0.288574 0.514831 0.288086 0.515890 0.288574 0.516949 0.288574 0.521716 0.289062 0.520657 0.290527 0.520657 0.291016 0.522246 0.291016 0.524894 0.291504 0.523835 0.291504 0.525953 0.292480 0.526483 0.292969 0.525953 0.293213 0.521716 0.292725 0.521186 0.292969 0.520657 0.293701 0.520657 0.294189 0.522246 0.293701 0.525424 0.294189 0.526483 0.294434 0.523835 0.294922 0.523835 0.295166 0.522246 0.296143 0.520657 0.295654 0.519068 0.295898 0.518538 0.297119 0.519597 0.297119 0.520657 0.296631 0.521186 0.296875 0.522246 0.296875 0.521186 0.297363 0.520657
1 0.297852 0.510593 0.297852 0.512712 0.297363 0.514301 0.298096 0.515890 0.297852 0.519597 0.299072 0.516949 0.298096 0.516949 0.298828 0.515360 0.300049 0.516949 0.299561 0.518538 0.300049 0.518538 0.300293 0.516949 0.301025 0.517479 0.300781 0.514831 0.300293 0.513771 0.300537 0.513242 0.301270 0.513242 0.301758 0.514831 0.301514 0.516419 0.302490 0.516949 0.301758 0.514831 0.302002 0.513242 0.301270 0.512712 0.302002 0.511653 0.302002 0.509534 0.300781 0.509534 0.300537 0.510593 0.299316 0.510593 0.299072 0.509534 0.298340 0.509534
1 0.172607 0.508475 0.171875 0.508475 0.171631 0.511653 0.171143 0.510593 0.169434 0.510593 0.168945 0.511653 0.168945 0.515360 0.169434 0.516419 0.168945 0.516949 0.168945 0.520657 0.168213 0.522246 0.167236 0.520657 0.167236 0.519068 0.166504 0.519068 0.166504 0.520657 0.167236 0.520657 0.168457 0.523305 0.168701 0.522246 0.168945 0.523305 0.169189 0.522246 0.169434 0.523305 0.170410 0.523305 0.170654 0.522246 0.170898 0.523305 0.171143 0.522246 0.171387 0.522775 0.170654 0.520657 0.170654 0.516949 0.171631 0.516419 0.171631 0.511653 0.172607 0.511123
1 0.292725 0.508475 0.292725 0.509534 0.293213 0.510064 0.295166 0.510064 0.295654 0.509004 0.294678 0.508475 0.293701 0.506356
1 0.082031 0.504237 0.082031 0.507415 0.083008 0.508475 0.083252 0.506356 0.083740 0.505826 0.083740 0.504237
1 0.306885 0.502119 0.306396 0.503178 0.305176 0.503178 0.304932 0.504237 0.304199 0.504237 0.303955 0.503178 0.302246 0.503178 0.301758 0.504237 0.302246 0.507945 0.303223 0.506886 0.303467 0.507945 0.305664 0.508475 0.305664 0.512182 0.304932 0.513771 0.304443 0.512712 0.303955 0.513771 0.303223 0.513771 0.304199 0.515890 0.305420 0.516419 0.305420 0.512712 0.305908 0.512182 0.306152 0.507945 0.306885 0.507945 0.307129 0.510064 0.307617 0.509004 0.308350 0.510064 0.308350 0.508475 0.307373 0.507945 0.307861 0.506886 0.307861 0.504237
1 0.327881 0.499470 0.327881 0.502119 0.326416 0.503178 0.327148 0.503708 0.326660 0.505297 0.327881 0.507415 0.327637 0.508475 0.327148 0.508475 0.327148 0.511123 0.327637 0.512182 0.328369 0.512182 0.328857 0.511123 0.328369 0.509004 0.328857 0.506886 0.328369 0.504767 0.328613 0.503708 0.328125 0.504767 0.327637 0.502648 0.328613 0.502119 0.327881 0.501589 0.327881 0.500000 0.328613 0.500000
1 0.328613 0.494174 0.326660 0.494703 0.326172 0.493644 0.326416 0.490466 0.324951 0.492055 0.324219 0.491525 0.323730 0.489407 0.322754 0.490996 0.323975 0.490996 0.324219 0.493114 0.322266 0.493644 0.321777 0.494703 0.321777 0.496292 0.321289 0.496822 0.321777 0.497881 0.321777 0.499470 0.320801 0.500000 0.320557 0.501059 0.320068 0.500000 0.319336 0.500000 0.318848 0.501589 0.319336 0.502119 0.319336 0.503708 0.319824 0.504767 0.320557 0.504767 0.320801 0.505826 0.322510 0.506886 0.322754 0.505826 0.323486 0.505826 0.323730 0.503178 0.322021 0.500530 0.322998 0.500000 0.323486 0.501059 0.323242 0.501589 0.323975 0.501589 0.324463 0.500530 0.323730 0.501059 0.323486 0.500000 0.324951 0.499470 0.323975 0.498941 0.323975 0.495763 0.324463 0.493644 0.327148 0.495763 0.326416 0.497881 0.326904 0.497881 0.326904 0.496822 0.327637 0.496292 0.327148 0.495233
1 0.153564 0.490466 0.153076 0.489936 0.153076 0.488347 0.149170 0.491525 0.148193 0.491525 0.147705 0.489407 0.146484 0.489407 0.145996 0.490466 0.145996 0.492055 0.146484 0.493114 0.145264 0.495233 0.145020 0.494174 0.144531 0.494174 0.144531 0.497352 0.146729 0.497352 0.146973 0.496292 0.147461 0.496292 0.147705 0.494703 0.147949 0.495763 0.148682 0.494174 0.148926 0.495233 0.149658 0.494174 0.149902 0.494703 0.150146 0.493644 0.150391 0.494174 0.151123 0.492585 0.151855 0.493114 0.152588 0.490996
1 0.786865 0.480932 0.787109 0.481462 0.786621 0.481992 0.788818 0.486229 0.788574 0.483581 0.789551 0.483051 0.789551 0.481992 0.788574 0.480932 0.788574 0.481992
1 0.338379 0.480932 0.338867 0.481992 0.338379 0.483051 0.338867 0.484110 0.339355 0.483581 0.339355 0.485699 0.340088 0.486229 0.340332 0.485699 0.339844 0.485699 0.339600 0.484640 0.340332 0.484640 0.340332 0.482521 0.340820 0.481462 0.341553 0.482521 0.341553 0.483581 0.340820 0.485169 0.341797 0.485169 0.341797 0.481462 0.342773 0.483581 0.343262 0.481992 0.343750 0.481992 0.341553 0.480932 0.339111 0.481992 0.338867 0.480932
1 0.331543 0.480932 0.331055 0.482521 0.330566 0.481992 0.330322 0.485169 0.329590 0.486229 0.328125 0.486229 0.326904 0.489936 0.327148 0.490996 0.327881 0.490996 0.328125 0.492585 0.328857 0.490996 0.328369 0.489407 0.328613 0.487288 0.329346 0.486229 0.329834 0.487288 0.329590 0.488877 0.330078 0.489936 0.329346 0.491525 0.330322 0.489936 0.330078 0.489407 0.330566 0.488347 0.331055 0.488347 0.331055 0.491525 0.331543 0.492585 0.331543 0.491525 0.332275 0.490996 0.332764 0.495233 0.333008 0.490996 0.333496 0.491525 0.333496 0.494174 0.333984 0.493114 0.333252 0.490996 0.332275 0.489936 0.332764 0.488347 0.332520 0.487288 0.332275 0.489407 0.331055 0.488347 0.331299 0.487288 0.332764 0.485699 0.332764 0.483581 0.331299 0.483051 0.331787 0.481992
1 0.344727 0.480403 0.344238 0.481992 0.345703 0.482521 0.345215 0.488877 0.343994 0.490466 0.344727 0.492055 0.343506 0.492585 0.343506 0.493644 0.345215 0.493644 0.345703 0.490996 0.346436 0.489936 0.345947 0.486229 0.346191 0.485169 0.345459 0.484110 0.345703 0.482521
1 0.361328 0.471398 0.361572 0.475106 0.360352 0.476165 0.362793 0.476165 0.362793 0.473517
1 0.668213 0.467161 0.667236 0.468750 0.666016 0.468750 0.666260 0.470339 0.665527 0.472458 0.665527 0.474047 0.666504 0.474576 0.667480 0.473517 0.667480 0.469280 0.668213 0.468750 0.668701 0.469809
1 0.676270 0.475106 0.675293 0.472987 0.675049 0.474047 0.674072 0.469280 0.674072 0.466102 0.671875 0.466102 0.674072 0.470869 0.673340 0.471398 0.672607 0.470339 0.672852 0.470869 0.672363 0.471398 0.671387 0.470339 0.671875 0.470339 0.672607 0.471928 0.672363 0.472987 0.672607 0.472458 0.672852 0.473517 0.673340 0.473517 0.673096 0.474576 0.672363 0.474576 0.672363 0.476165 0.671631 0.478814 0.670410 0.476695 0.669678 0.472458 0.668701 0.472458 0.667969 0.473517 0.667725 0.475636 0.665527 0.475636 0.665283 0.476695 0.663818 0.476165 0.662354 0.472987 0.662598 0.471928 0.661621 0.470339 0.660156 0.473517 0.660889 0.475636 0.660889 0.477754 0.661621 0.479343 0.662598 0.479873 0.662598 0.482521 0.663086 0.483581 0.663574 0.483581 0.664307 0.481462 0.667725 0.481462 0.667725 0.483051 0.666504 0.483051 0.666992 0.484640 0.668213 0.483581 0.673828 0.483581 0.672607 0.480932 0.673340 0.479343 0.674072 0.480403 0.674316 0.478284 0.675781 0.475106
1 0.363281 0.464513 0.363037 0.466631 0.364014 0.467691 0.363281 0.469280 0.363770 0.471928 0.365234 0.471928 0.365723 0.473517 0.366211 0.473517 0.366455 0.472458 0.364502 0.470339 0.364990 0.469280 0.365234 0.469809 0.365479 0.467691 0.365967 0.467161
1 0.735840 0.460805 0.736816 0.462924 0.736816 0.464513 0.737305 0.465572 0.739502 0.465572 0.739502 0.463983 0.739014 0.463453 0.739014 0.461864 0.738525 0.460805
1 0.356934 0.460275 0.357910 0.462924 0.357666 0.465572 0.358154 0.465572 0.357910 0.464513 0.358398 0.463453 0.358887 0.464513 0.359375 0.461335 0.359619 0.462394 0.360596 0.462394 0.359619 0.460275
1 0.343506 0.460275 0.340332 0.459746 0.339600 0.461864 0.339600 0.459746 0.338867 0.459746 0.338867 0.461335 0.339355 0.462394 0.338379 0.463983 0.338379 0.467691 0.337402 0.468220 0.337158 0.469280 0.335938 0.469280 0.334473 0.472458 0.334473 0.473517 0.333496 0.474576 0.333496 0.479343 0.333984 0.480403 0.335449 0.480403 0.335938 0.479343 0.337402 0.479873 0.337891 0.478814 0.338867 0.479873 0.338623 0.478814 0.339600 0.475636 0.341553 0.477754 0.342041 0.479873 0.342041 0.477754 0.343506 0.478284 0.342773 0.477225 0.343506 0.475636 0.341797 0.476165 0.342285 0.477225 0.341797 0.478284 0.341553 0.477225 0.340088 0.475636 0.340088 0.474047 0.340576 0.472987 0.341064 0.475106 0.341553 0.472987 0.342529 0.474047 0.341797 0.474576 0.343506 0.473517 0.342529 0.473517 0.342041 0.471928 0.343750 0.471398 0.342773 0.470869 0.343018 0.469809 0.343750 0.469809 0.343750 0.467691 0.344727 0.469809 0.344482 0.470339 0.345703 0.469280 0.345459 0.466631 0.344727 0.466102 0.345215 0.465572 0.344971 0.464513 0.344727 0.466102 0.343750 0.466102 0.343506 0.465042 0.343018 0.466102 0.343262 0.466631 0.342773 0.469280 0.342041 0.468220 0.342285 0.466102 0.341797 0.467161 0.341553 0.466631 0.342285 0.461864
1 0.343506 0.456038 0.343018 0.457097 0.342041 0.456568 0.342041 0.454979 0.341553 0.456038 0.340332 0.455508 0.339600 0.457627 0.338867 0.458157 0.341553 0.457627 0.341553 0.456038 0.342773 0.457627 0.343506 0.457097
1 0.343994 0.454449 0.343994 0.456568 0.344727 0.457097 0.344238 0.457627 0.344482 0.459216 0.344971 0.459216 0.346191 0.462394 0.346436 0.461335 0.345703 0.460805 0.344482 0.457627 0.344971 0.457097 0.346191 0.459746 0.347168 0.460275 0.346924 0.461335 0.347412 0.463453 0.346191 0.463983 0.346191 0.465572 0.347412 0.465572 0.347656 0.463983 0.349609 0.465572 0.350098 0.467161 0.350586 0.465042 0.351318 0.465572 0.351562 0.467691 0.350098 0.470869 0.351074 0.471398 0.351562 0.472987 0.351562 0.475106 0.353271 0.474047 0.353516 0.475106 0.354492 0.475636 0.354492 0.474047 0.356689 0.474576 0.357666 0.472458 0.357178 0.471928 0.356934 0.473517 0.355469 0.473517 0.355225 0.470339 0.354736 0.471398 0.353027 0.471398 0.352295 0.469809 0.352295 0.468220 0.351807 0.467161 0.352783 0.465572 0.353271 0.467161 0.353271 0.466102 0.354004 0.465572 0.353516 0.464513 0.354004 0.462924 0.353516 0.463983 0.353027 0.461864 0.353760 0.460275 0.353516 0.458686 0.353271 0.459746 0.351318 0.459746 0.350586 0.460805 0.351318 0.461864 0.350586 0.463983 0.349609 0.461864 0.350098 0.459746 0.347412 0.459216 0.347412 0.454449
1 0.039795 0.453390 0.039062 0.452860 0.039062 0.453919 0.038086 0.454449 0.037842 0.455508 0.037354 0.454979 0.037598 0.454449 0.035645 0.456568 0.035400 0.455508 0.034912 0.458157 0.035156 0.460805 0.035645 0.459746 0.037109 0.460275 0.038330 0.459216 0.037598 0.457097 0.037842 0.455508
1 0.730469 0.449682 0.730469 0.452860 0.734131 0.452860 0.734375 0.456568 0.735596 0.457097 0.736084 0.449153 0.735596 0.448623 0.735596 0.447034 0.734375 0.445445 0.734375 0.448093 0.733887 0.449153 0.733154 0.448623 0.733643 0.448093 0.732910 0.445975 0.731689 0.449153
1 0.323242 0.444915 0.322754 0.448623 0.325439 0.448623 0.325439 0.445975 0.324951 0.444915 0.324219 0.444915 0.323975 0.445975
1 0.694336 0.438559 0.693359 0.441208 0.694824 0.444386 0.694824 0.443326 0.695312 0.443326 0.695068 0.438559
1 0.749023 0.434322 0.749023 0.435911 0.749512 0.436441 0.749023 0.438559 0.749512 0.438559 0.749756 0.439619 0.748535 0.439619 0.749756 0.439619 0.750244 0.441737 0.748535 0.445975 0.748535 0.448623 0.748779 0.447034 0.749756 0.445445 0.750000 0.447564 0.750488 0.448093 0.750488 0.449682 0.750000 0.450212 0.750488 0.451271 0.750488 0.452860 0.750000 0.453390 0.749512 0.452331 0.749512 0.453919 0.750244 0.453919 0.750488 0.452860 0.751221 0.452860 0.751709 0.453919 0.751465 0.449153 0.751953 0.448093 0.752686 0.448093 0.752197 0.447564 0.751709 0.441737 0.750244 0.440148 0.750732 0.439089 0.750244 0.435381 0.749756 0.434322
1 0.255859 0.435381 0.255371 0.436441 0.255371 0.438030 0.254883 0.438559 0.254883 0.440148 0.253418 0.440678 0.253906 0.441737 0.253906 0.443326 0.254639 0.443326 0.254883 0.445445 0.255371 0.445975 0.255371 0.456568 0.261230 0.458157 0.261475 0.457627 0.259033 0.457097 0.259033 0.449153 0.260010 0.448623 0.260010 0.445975 0.261475 0.443326 0.261475 0.440678 0.258545 0.435911 0.259033 0.434322 0.257812 0.434322 0.257568 0.437500
1 0.170166 0.434322 0.169678 0.436441 0.169922 0.439089 0.168701 0.440148 0.170410 0.440148 0.171387 0.442267 0.170898 0.440148 0.171143 0.436441
1 0.293701 0.423729 0.292969 0.423729 0.292969 0.425318 0.291992 0.426907 0.291992 0.431674 0.292725 0.431674 0.292969 0.428496 0.295166 0.428496 0.294189 0.426377 0.294189 0.424788
1 0.473633 0.418432 0.473877 0.418962 0.473145 0.419492 0.473145 0.424788 0.473389 0.423729 0.473633 0.425847 0.474365 0.424788 0.476562 0.429025 0.476562 0.435911 0.477051 0.437500 0.476074 0.438030 0.476074 0.440148 0.476807 0.440148 0.478027 0.442267 0.478760 0.440148 0.478760 0.438030 0.479248 0.437500 0.479248 0.434852 0.478760 0.433263 0.479736 0.432203 0.479980 0.432733 0.480713 0.431144 0.480225 0.432203 0.478760 0.432733 0.477539 0.431674 0.478271 0.430085 0.477783 0.429555 0.477783 0.427436 0.477051 0.424258 0.476562 0.423729 0.476562 0.421610 0.477051 0.419492 0.477539 0.419492 0.477539 0.418432 0.476318 0.418962 0.475586 0.417373 0.474854 0.417903 0.474854 0.418962
1 0.234131 0.412076 0.232910 0.412076 0.232910 0.413665 0.231934 0.415254 0.231689 0.417373 0.230957 0.417373 0.230469 0.416314 0.230225 0.417373 0.229492 0.417373 0.229248 0.418432 0.228027 0.418432 0.227783 0.419492 0.225098 0.420021 0.230957 0.420021 0.232178 0.417903 0.232422 0.414725 0.233398 0.416843 0.234131 0.416843
1 0.086914 0.412076 0.086914 0.414195 0.088379 0.417903 0.089355 0.416314 0.090332 0.416314 0.089355 0.412076
1 0.375977 0.418432 0.374512 0.418962 0.373535 0.418432 0.373291 0.417373 0.373535 0.418962 0.372803 0.421081 0.372803 0.418962 0.372070 0.418432 0.372803 0.417373 0.372070 0.417373 0.371826 0.418962 0.371094 0.419492 0.370850 0.418432 0.371338 0.417373 0.370850 0.415784 0.371094 0.415254 0.372070 0.416314 0.372314 0.414725 0.372314 0.409958 0.371582 0.409958 0.371094 0.408898 0.370850 0.411017 0.369873 0.411017 0.369629 0.412076 0.369141 0.412076 0.369141 0.415254 0.369629 0.415784 0.369141 0.416843 0.368652 0.415254 0.366699 0.415254 0.366699 0.423199 0.367188 0.424258 0.367188 0.426377 0.368408 0.426377 0.368652 0.422669 0.367920 0.419492 0.369385 0.416843 0.369629 0.417903 0.370361 0.417903 0.371094 0.419492 0.371094 0.420551 0.371826 0.421081 0.371094 0.421610 0.371094 0.423729 0.371582 0.424258 0.371094 0.424788 0.371094 0.426907 0.372314 0.427436 0.372803 0.426377 0.372803 0.423729 0.374268 0.423199 0.374023 0.422669 0.374512 0.419492 0.375000 0.420551 0.374756 0.423199 0.375732 0.423199 0.375000 0.421610 0.375000 0.420021 0.375977 0.419492
1 0.061523 0.408898 0.061523 0.410487 0.062744 0.411547 0.063965 0.411547 0.064453 0.412606 0.066162 0.412076 0.066162 0.411017 0.064697 0.410487 0.064697 0.407839 0.063965 0.407839 0.063721 0.409958 0.063232 0.408898
1 0.725586 0.401483 0.725586 0.402542 0.726074 0.403072 0.725586 0.403602 0.726562 0.405191 0.726562 0.406250 0.727051 0.405720 0.727295 0.406780 0.728516 0.406250 0.729004 0.405191 0.728760 0.404661 0.729248 0.403602 0.729248 0.401483
1 0.184814 0.401483 0.183838 0.400953 0.183350 0.403072 0.182373 0.403072 0.182129 0.401483 0.178711 0.401483 0.178711 0.403072 0.180908 0.401483 0.181885 0.404661 0.183594 0.404661 0.183350 0.404131
1 0.697021 0.401483 0.695312 0.401483 0.695068 0.400424 0.692383 0.400424 0.692139 0.401483 0.691406 0.401483 0.691162 0.403602 0.690430 0.403602 0.690186 0.404661 0.689453 0.404661 0.689209 0.405720 0.688477 0.405720 0.688232 0.406780 0.687500 0.406780 0.687012 0.407839 0.687012 0.409428 0.686523 0.410487 0.687012 0.411017 0.687012 0.412606 0.686523 0.413665 0.687012 0.414195 0.686523 0.415254 0.687256 0.416843 0.687256 0.413665 0.687744 0.412606 0.688721 0.412606 0.689941 0.415254 0.689209 0.417373 0.688965 0.423199 0.689453 0.423729 0.689453 0.426377 0.689941 0.426907 0.689453 0.431144 0.690430 0.431144 0.690918 0.432203 0.690918 0.433792 0.690430 0.434852 0.691162 0.434852 0.691162 0.433263 0.691650 0.432733 0.690430 0.430614 0.690430 0.427436 0.690918 0.426377 0.691650 0.427436 0.691650 0.428496 0.691895 0.427436 0.692627 0.427436 0.692627 0.424788 0.691650 0.426907 0.691162 0.426377 0.691406 0.423729 0.693604 0.423729 0.693604 0.422140 0.691895 0.422669 0.691162 0.423729 0.690674 0.421610 0.690918 0.421081 0.689941 0.420021 0.690918 0.417373 0.691406 0.417373 0.691406 0.420551 0.693604 0.420021 0.694336 0.420551 0.694336 0.421610 0.695068 0.421610 0.694580 0.420021 0.695068 0.418962 0.695312 0.420551 0.695557 0.418962 0.696533 0.418962 0.697021 0.417903 0.697021 0.415254 0.697998 0.412606 0.697998 0.406780 0.697510 0.406250 0.697998 0.402542 0.697266 0.402542
1 0.581543 0.404661 0.581543 0.406250 0.582275 0.406250 0.582520 0.407309 0.583008 0.406250 0.585205 0.406250 0.585693 0.407309 0.585449 0.409428 0.585693 0.408898 0.586182 0.409958 0.585938 0.410487 0.586914 0.410487 0.587158 0.409958 0.586426 0.407839 0.586426 0.406250 0.585938 0.405720 0.586670 0.405191 0.586914 0.406250 0.587402 0.406250 0.587646 0.403602 0.588135 0.402542 0.587158 0.402013 0.586670 0.400953 0.586914 0.400424 0.585449 0.399894 0.584961 0.400953 0.585449 0.401483 0.585205 0.402542 0.583496 0.401483 0.583496 0.403072 0.582275 0.405720
1 0.738281 0.402013 0.738525 0.403602 0.738037 0.404661 0.738037 0.406250 0.739502 0.410487 0.740967 0.409428 0.741699 0.411017 0.741211 0.412606 0.741699 0.412606 0.741943 0.411017 0.742676 0.411017 0.742920 0.409958 0.743164 0.412606 0.744141 0.412076 0.743896 0.412606 0.743652 0.411017 0.744385 0.410487 0.743408 0.410487 0.742432 0.407839 0.742432 0.406780 0.743408 0.405720 0.742432 0.405191 0.742188 0.398835 0.741943 0.399364 0.741455 0.398305 0.740723 0.398305 0.742188 0.400424 0.741943 0.402542 0.740967 0.402542 0.740723 0.401483 0.738770 0.401483 0.738525 0.402542
1 0.107422 0.398305 0.107422 0.399894 0.106445 0.402542 0.106445 0.406250 0.106934 0.406780 0.106934 0.409428 0.107422 0.410487 0.109131 0.410487 0.109619 0.411547 0.110107 0.410487 0.110107 0.408898 0.110596 0.408369 0.110596 0.405720 0.109619 0.403602 0.108887 0.404661 0.108154 0.403072 0.108154 0.399364
1 0.030273 0.401483 0.031250 0.403602 0.031250 0.406250 0.031982 0.406250 0.032227 0.407309 0.034668 0.407839 0.035889 0.405191 0.035889 0.403602 0.035156 0.403602 0.034912 0.402542 0.034180 0.403072 0.033447 0.402013 0.033936 0.400953 0.033691 0.398305 0.032227 0.398305 0.032227 0.400953 0.032715 0.401483 0.032471 0.402542 0.031250 0.402542 0.031006 0.401483
1 0.241455 0.396186 0.239746 0.396186 0.239502 0.397246 0.238281 0.397246 0.238037 0.401483 0.237305 0.401483 0.237061 0.400424 0.235840 0.400424 0.234863 0.402542 0.234863 0.405191 0.235352 0.405720 0.235352 0.413665 0.236084 0.413665 0.236572 0.412606 0.237061 0.408898 0.238037 0.407309 0.238037 0.403602 0.239014 0.403072 0.240234 0.399894 0.241943 0.399364 0.241943 0.397246
1 0.751221 0.390890 0.751221 0.394068 0.750732 0.396186 0.752930 0.397775 0.751953 0.396186 0.752686 0.395127 0.752197 0.394597 0.752441 0.394068 0.753174 0.394597 0.752197 0.393538
1 0.740723 0.389831 0.739746 0.391949 0.740234 0.393538 0.739258 0.395127 0.739746 0.396716 0.740479 0.396716 0.740723 0.395657 0.741455 0.395657 0.741943 0.394597 0.740967 0.393538 0.740967 0.391949 0.740479 0.391419 0.740967 0.390360
1 0.146973 0.384534 0.146729 0.385593 0.144531 0.384534 0.143066 0.387712 0.143066 0.390360 0.145752 0.386653 0.147217 0.386123
1 0.587402 0.383475 0.587158 0.384534 0.587891 0.385593 0.587891 0.388242 0.588379 0.388771 0.587891 0.389831 0.587891 0.392479 0.588379 0.393008 0.588379 0.394597 0.587891 0.395127 0.587891 0.396716 0.587402 0.397775 0.589844 0.397775 0.589844 0.402013 0.589355 0.402542 0.588867 0.401483 0.588867 0.404131 0.589844 0.402013 0.591064 0.402013 0.591797 0.403602 0.592041 0.406250 0.592041 0.403602 0.592529 0.403072 0.592529 0.401483 0.593506 0.400953 0.594971 0.397775 0.595215 0.395657 0.595947 0.395657 0.596191 0.394597 0.597412 0.394597 0.597412 0.389831 0.596191 0.389831 0.596191 0.392479 0.594971 0.395127 0.593750 0.395127 0.593506 0.391949 0.593506 0.393008 0.593018 0.394068 0.592773 0.393538 0.592773 0.391949 0.593506 0.389831 0.593018 0.387712 0.592773 0.388242 0.592041 0.386653 0.591064 0.387182 0.590576 0.386123 0.591064 0.385593 0.589844 0.385593 0.589844 0.386653 0.589111 0.387182
1 0.585205 0.382945 0.584717 0.386653 0.585205 0.387182 0.584961 0.388242 0.585938 0.388242 0.586426 0.386653 0.586670 0.387712 0.587158 0.386653 0.587402 0.387182 0.586914 0.386123 0.586182 0.386123 0.585693 0.382945
1 0.161865 0.384534 0.161133 0.384534 0.160889 0.383475 0.159424 0.384004 0.159180 0.382415 0.158691 0.382415 0.158447 0.383475 0.158936 0.382945 0.159180 0.384004 0.157471 0.387712 0.156250 0.387712 0.155762 0.389301 0.156250 0.390890 0.158691 0.390360 0.157959 0.389301 0.158203 0.388242 0.159424 0.387182 0.159668 0.387712
1 0.103516 0.389301 0.104492 0.388771 0.105469 0.390360 0.105225 0.390890 0.105957 0.391419 0.107178 0.389301 0.107422 0.387182 0.107910 0.387712 0.107910 0.388771 0.110840 0.389831 0.111084 0.388771 0.111328 0.389831 0.111572 0.388771 0.112061 0.388771 0.110596 0.388771 0.110352 0.387712 0.109619 0.387712 0.109131 0.384534 0.108643 0.384004 0.111084 0.383475 0.107422 0.382415 0.107178 0.382945 0.108398 0.383475 0.108398 0.385064 0.106934 0.388242 0.105713 0.386123 0.104980 0.383475 0.104736 0.384534 0.104004 0.384534 0.104004 0.388242
1 0.246826 0.381356 0.246338 0.380297 0.245850 0.381356 0.244629 0.381356 0.243652 0.385064 0.244141 0.386123 0.245605 0.386123 0.245850 0.383475 0.246826 0.382945
1 0.129639 0.382945 0.128906 0.380826 0.128662 0.382415 0.127686 0.380826 0.126953 0.381886 0.126709 0.379237 0.125488 0.379237 0.125000 0.380297 0.124756 0.378178 0.124023 0.378178 0.123535 0.377119 0.122559 0.377119 0.122314 0.378178 0.121826 0.377119 0.121094 0.377648 0.120850 0.381356 0.119629 0.381356 0.119385 0.379237 0.118652 0.379237 0.118408 0.378178 0.116211 0.378178 0.115723 0.379237 0.115723 0.380826 0.115234 0.381356 0.115234 0.382945 0.114746 0.383475 0.114746 0.387182 0.114258 0.387712 0.114258 0.389301 0.114990 0.389301 0.115234 0.391419 0.115967 0.391419 0.116455 0.389301 0.117188 0.390360 0.117676 0.389301 0.119385 0.389301 0.119385 0.387712 0.120850 0.386123 0.121094 0.389301 0.120605 0.390360 0.121094 0.390890 0.121094 0.392479 0.122314 0.392479 0.123047 0.394597 0.123779 0.394597 0.124023 0.393538 0.124756 0.393538 0.125000 0.391419 0.126709 0.391419 0.126709 0.389831 0.126221 0.388771 0.124756 0.388242 0.124512 0.386123 0.125000 0.380826 0.126465 0.380826 0.126465 0.384004 0.126953 0.383475 0.128906 0.385064
1 0.732422 0.377119 0.732422 0.379767 0.734863 0.380297 0.734619 0.381356 0.732910 0.381356 0.732910 0.382945 0.733643 0.384004 0.736572 0.384004 0.737549 0.385593 0.737305 0.386123 0.737793 0.386653 0.737793 0.388242 0.739990 0.388242 0.740234 0.387182 0.741943 0.386123 0.741943 0.384534 0.743408 0.381886 0.742188 0.380826 0.741943 0.383475 0.741455 0.382415 0.739258 0.382415 0.739014 0.381356 0.739990 0.380297 0.738281 0.380297 0.738037 0.379237 0.737061 0.381356 0.735107 0.381356 0.734863 0.380297 0.735596 0.378708 0.733887 0.376059
1 0.747314 0.372352 0.746094 0.376059 0.747070 0.380297 0.747803 0.378708 0.749023 0.378708 0.748291 0.376059 0.748047 0.372881
1 0.702637 0.371822 0.702148 0.373941 0.703125 0.376059 0.703125 0.380826 0.703857 0.380826 0.704834 0.382945 0.705322 0.381886 0.704834 0.380826 0.704834 0.373411 0.703125 0.372881
1 0.124023 0.370233 0.123535 0.369703 0.122314 0.371822 0.121826 0.371292 0.121826 0.370233 0.120117 0.370763 0.120605 0.372352 0.121338 0.372352 0.121826 0.373411 0.123291 0.373411 0.123291 0.370763
1 0.140137 0.373411 0.139404 0.372352 0.139404 0.368644 0.138916 0.368114 0.139404 0.364407 0.136719 0.364407 0.136475 0.366525 0.134766 0.366525 0.134277 0.365466 0.134521 0.367055 0.133545 0.369174 0.132812 0.369703 0.132568 0.368644 0.131836 0.368644 0.130859 0.370233 0.132080 0.370763 0.132080 0.371822 0.131348 0.371822 0.131836 0.372352 0.132812 0.371822 0.132324 0.371292 0.132812 0.370233 0.133545 0.370233 0.133789 0.371292 0.135010 0.371292 0.135498 0.370233 0.135986 0.371292 0.136475 0.370233 0.136475 0.366525 0.136963 0.365996 0.137695 0.367585 0.137695 0.372352 0.137207 0.373411 0.138184 0.375530 0.138916 0.375530 0.139648 0.373411
1 0.033447 0.364407 0.031006 0.364936 0.031250 0.365996 0.030762 0.366525 0.030762 0.368114 0.031250 0.369174 0.031494 0.373411 0.031982 0.372881 0.031494 0.372352 0.031494 0.368644 0.031250 0.369174 0.031006 0.367585 0.031982 0.367055 0.032471 0.369174 0.033447 0.367055 0.032959 0.365996
1 0.460693 0.362288 0.460938 0.364407 0.461670 0.364407 0.462646 0.365996 0.462891 0.365466 0.465332 0.366525 0.466553 0.365466 0.468018 0.365996 0.468506 0.364936 0.468018 0.363347 0.466064 0.362818 0.464600 0.357521 0.463379 0.357521 0.462646 0.356462 0.462158 0.357521 0.462402 0.358051 0.461426 0.359640 0.461426 0.361229
1 0.078613 0.352754 0.076904 0.354343 0.075684 0.356992 0.077148 0.355403 0.077393 0.355932 0.077148 0.358581 0.076172 0.358581 0.076660 0.359110 0.076416 0.361229 0.075928 0.360169 0.074951 0.362288 0.074219 0.360699 0.073730 0.361229 0.073730 0.363877 0.074219 0.364407 0.074219 0.365996 0.074707 0.367055 0.074951 0.366525 0.074463 0.365996 0.074463 0.363347 0.074951 0.362288 0.075195 0.364936 0.075684 0.365996 0.075928 0.364936 0.076416 0.364936 0.077148 0.366525 0.077393 0.365466 0.077637 0.366525 0.077881 0.365466 0.078125 0.367055 0.078613 0.366525 0.078125 0.365996 0.078369 0.365466 0.076904 0.365466 0.076660 0.364936 0.077148 0.364407 0.076416 0.364407 0.077393 0.361758 0.077881 0.361758 0.078125 0.363877 0.078613 0.364407 0.079346 0.363347 0.078857 0.362818 0.078857 0.361229 0.077881 0.360699 0.077881 0.358051 0.077148 0.357521 0.078125 0.355403 0.078857 0.355403 0.078613 0.354873 0.079102 0.353814 0.078857 0.354343
1 0.341309 0.348517 0.341309 0.351165 0.340820 0.351695 0.340820 0.353284 0.341553 0.354343 0.342529 0.352225 0.342529 0.350636
1 0.421875 0.346398 0.425537 0.346928 0.425781 0.349047 0.426758 0.346928 0.428467 0.346928 0.429443 0.349047 0.429443 0.346398
1 0.698975 0.344809 0.698242 0.345869 0.698730 0.346928 0.697754 0.347458 0.697510 0.345339 0.696289 0.343750 0.696777 0.344809 0.696289 0.345339 0.696289 0.346928 0.695557 0.347458 0.694824 0.349576 0.694824 0.351165 0.695068 0.351695 0.695557 0.350106 0.696533 0.350106 0.696777 0.349047 0.697998 0.349047 0.698242 0.347987 0.698975 0.347987
1 0.159668 0.344280 0.160156 0.341631 0.160889 0.341631 0.161133 0.342691 0.163330 0.342691 0.163086 0.342161 0.163574 0.341631 0.160889 0.341102 0.159668 0.339513
1 0.168457 0.340572 0.169189 0.340572 0.169434 0.341631 0.170654 0.341631 0.170898 0.337924 0.171875 0.339513 0.172119 0.338983 0.171631 0.338983 0.171631 0.337924 0.169922 0.337924 0.169678 0.338983 0.168457 0.338983
1 0.304688 0.342161 0.305664 0.343750 0.306396 0.343750 0.306641 0.344809 0.307373 0.344809 0.307617 0.345869 0.307129 0.346398 0.307617 0.346928 0.307617 0.347987 0.316162 0.347987 0.314453 0.347458 0.314209 0.344280 0.313721 0.343220 0.312500 0.343220 0.311768 0.341631 0.311768 0.340042 0.311279 0.338983 0.312256 0.337924 0.311768 0.336864 0.311035 0.336864 0.310791 0.335805 0.310059 0.335805 0.309814 0.334746 0.307129 0.334746 0.306641 0.335805 0.306641 0.339513
1 0.302002 0.335805 0.301270 0.335805 0.300781 0.334746 0.299316 0.337924 0.300293 0.338453 0.300781 0.340572 0.299805 0.341102 0.299561 0.340042 0.298828 0.340042 0.297363 0.343750 0.298340 0.345869 0.301025 0.344809 0.302002 0.341102 0.301514 0.340572 0.301514 0.338983 0.300537 0.337924 0.301514 0.337394
1 0.109131 0.332627 0.108398 0.332627 0.108154 0.333686 0.106445 0.333686 0.106445 0.337394 0.106934 0.337924 0.106934 0.339513 0.108154 0.340572 0.107178 0.343750 0.106934 0.342161 0.106934 0.346928 0.107666 0.345869 0.108154 0.347458 0.108643 0.346928 0.109131 0.347987 0.108887 0.349047 0.108398 0.348517 0.108398 0.350106 0.107666 0.352225 0.107422 0.351695 0.106934 0.352754 0.106934 0.354343 0.106445 0.355403 0.108154 0.355403 0.108398 0.354873 0.107910 0.354343 0.109131 0.352754 0.109131 0.343220 0.110107 0.342691 0.110107 0.341631 0.108887 0.342161 0.108887 0.339513 0.109375 0.339513 0.109619 0.338453 0.111572 0.338453 0.111816 0.340572 0.111328 0.341631 0.113037 0.342691 0.113037 0.338983 0.112549 0.339513 0.112061 0.337924 0.112793 0.336864 0.110596 0.336864 0.110596 0.335805 0.110107 0.335805 0.109863 0.336864 0.109619 0.334746 0.109131 0.334216
1 0.287109 0.330508 0.286133 0.338453 0.288818 0.338453 0.288330 0.337394 0.288330 0.335805 0.287842 0.335275 0.287842 0.332627
1 0.352783 0.328390 0.351562 0.328390 0.350830 0.330508 0.350098 0.330508 0.350098 0.332097 0.352295 0.332097
1 0.324463 0.328390 0.324219 0.329449 0.324707 0.331038 0.324219 0.331568 0.323730 0.330508 0.322754 0.331568 0.322754 0.333157 0.321777 0.335275 0.323975 0.335275 0.323975 0.333686 0.324951 0.333157 0.325195 0.336335 0.324219 0.336864 0.324707 0.337924 0.324219 0.339513 0.324707 0.338453 0.325439 0.338453 0.326416 0.340572 0.326416 0.338983 0.325439 0.337394 0.325928 0.336335 0.326904 0.337394 0.327881 0.335805 0.328125 0.336335 0.327881 0.335275 0.328857 0.335275 0.328613 0.333686 0.329102 0.333157 0.328613 0.332627 0.328369 0.333686 0.327148 0.331568 0.327637 0.331038 0.325684 0.330508
1 0.345459 0.328390 0.343750 0.327331 0.343506 0.328390 0.342285 0.328390 0.341797 0.329449 0.342285 0.331038 0.341309 0.332627 0.341309 0.334216 0.340820 0.334746 0.340820 0.338453 0.339844 0.338983 0.338867 0.341102 0.338867 0.344809 0.339355 0.345869 0.339844 0.341631 0.340576 0.341631 0.341064 0.343750 0.342285 0.341631 0.343506 0.341631 0.343506 0.339513 0.343994 0.338453 0.344971 0.338453 0.344971 0.336864 0.344482 0.336335 0.344482 0.332627 0.345947 0.332097 0.345459 0.331038 0.345947 0.329979
1 0.675293 0.337924 0.676270 0.339513 0.677002 0.338453 0.678223 0.340572 0.679443 0.340572 0.681152 0.339513 0.680908 0.338983 0.681641 0.336335 0.682373 0.336335 0.683105 0.338453 0.683350 0.335805 0.684326 0.334746 0.684570 0.335805 0.685303 0.335275 0.686035 0.336864 0.686035 0.339513 0.686768 0.339513 0.687256 0.340572 0.687744 0.337394 0.688477 0.339513 0.689697 0.340042 0.689209 0.337924 0.689697 0.336864 0.688721 0.336335 0.689209 0.335275 0.689209 0.332627 0.691162 0.332097 0.690918 0.330508 0.689941 0.330508 0.689209 0.332627 0.688232 0.331038 0.688477 0.329979 0.689209 0.329979 0.689697 0.328919 0.689697 0.327331 0.687500 0.327331 0.687256 0.328390 0.686035 0.328390 0.685791 0.329449 0.685059 0.329449 0.684814 0.328390 0.683105 0.328390 0.682861 0.327331 0.682373 0.328390 0.681152 0.328390 0.680908 0.327331 0.680420 0.328390 0.679688 0.328390 0.679199 0.326271 0.679199 0.328919 0.678711 0.328919 0.678711 0.334216 0.677979 0.335805 0.676758 0.335805 0.676270 0.334746 0.676514 0.334216 0.675781 0.335275 0.676270 0.337394 0.675781 0.337394 0.675537 0.338453
1 0.699707 0.324153 0.699707 0.328919 0.700195 0.329449 0.700195 0.333157 0.700684 0.333686 0.700439 0.334746 0.700195 0.334216 0.700195 0.335805 0.700684 0.336864 0.700684 0.338453 0.701660 0.338983 0.701660 0.340572 0.700684 0.341102 0.700439 0.342161 0.699463 0.342161 0.698975 0.343750 0.700439 0.343750 0.701172 0.345339 0.701172 0.346928 0.700195 0.347458 0.700195 0.349047 0.702881 0.349047 0.703125 0.346928 0.703613 0.347458 0.704834 0.346398 0.704834 0.344280 0.704346 0.343750 0.704346 0.338983 0.705322 0.334746 0.704834 0.334216 0.704834 0.331568 0.703369 0.329979 0.703369 0.327331 0.702637 0.325212 0.701660 0.324153
1 0.233887 0.319915 0.233643 0.320975 0.232910 0.320975 0.233398 0.322034 0.233398 0.327860 0.234375 0.328390 0.234375 0.329979 0.233398 0.330508 0.233398 0.332097 0.233887 0.332627 0.233887 0.334216 0.234619 0.334216 0.235107 0.332627 0.234131 0.332097 0.234619 0.328390 0.234619 0.323093 0.234131 0.322564 0.234375 0.321504
1 0.286133 0.319386 0.286133 0.320975 0.287598 0.323093 0.287598 0.324682 0.289062 0.325212 0.289062 0.327860 0.290283 0.327860 0.291016 0.329979 0.292725 0.329979 0.292969 0.333157 0.295166 0.333157 0.295166 0.331568 0.295654 0.331038 0.292969 0.330508 0.292969 0.328919 0.296631 0.328919 0.296875 0.331038 0.298096 0.331038 0.298340 0.329979 0.299072 0.329979 0.299316 0.331038 0.300537 0.331038 0.300049 0.329979 0.300049 0.325212 0.298340 0.324153 0.298096 0.322034 0.296875 0.322034 0.296387 0.319915 0.296143 0.320975 0.294678 0.320445 0.295654 0.322034 0.296631 0.321504 0.296631 0.323093 0.292969 0.323093 0.292725 0.324153 0.291504 0.324153 0.290527 0.322034 0.291016 0.321504 0.290771 0.319915 0.291260 0.318856 0.287598 0.318856 0.287109 0.317797
1 0.077881 0.323623 0.076416 0.321504 0.076660 0.318326 0.076172 0.317797 0.075928 0.318856 0.074219 0.319915 0.073242 0.322034 0.072754 0.325742 0.074707 0.327860 0.074951 0.326801 0.077148 0.327331 0.077881 0.326271
1 0.302246 0.316737 0.303467 0.317267 0.303711 0.318326 0.302246 0.318856 0.301758 0.319915 0.301758 0.322564 0.302246 0.323623 0.302979 0.323623 0.303223 0.321504 0.303955 0.321504 0.304199 0.322564 0.303955 0.320975 0.304443 0.320445 0.304443 0.316737
1 0.170166 0.314619 0.167969 0.314619 0.166748 0.316737 0.165283 0.317267 0.164062 0.316208 0.164062 0.317267 0.164795 0.316737 0.165527 0.318326 0.166016 0.317267 0.167480 0.316737 0.169434 0.317267 0.169922 0.316737
1 0.033203 0.311970 0.032471 0.313030 0.032715 0.314089 0.030518 0.320445 0.030273 0.325742 0.031738 0.327860 0.033936 0.327331 0.034180 0.328919 0.034668 0.328919 0.034912 0.327331 0.034424 0.325212 0.034912 0.324682 0.035156 0.326271 0.035889 0.325742 0.035889 0.322564 0.034668 0.320975 0.034180 0.318326 0.034424 0.314089
1 0.328369 0.320975 0.327881 0.319915 0.327393 0.320975 0.326660 0.320975 0.326416 0.317797 0.325684 0.317797 0.325439 0.316737 0.324219 0.316737 0.323486 0.318856 0.321777 0.318856 0.321533 0.319915 0.320801 0.319915 0.320557 0.318856 0.321045 0.317797 0.320557 0.318856 0.320312 0.317267 0.321777 0.315678 0.321533 0.314619 0.322021 0.314089 0.322021 0.313030 0.323486 0.313030 0.323730 0.311970 0.324219 0.313030 0.325439 0.313030 0.325439 0.311441 0.324707 0.311441 0.324463 0.310381 0.324951 0.309322 0.325928 0.309322 0.320068 0.310381 0.318359 0.313030 0.319824 0.314619 0.319824 0.316208 0.319336 0.317267 0.320312 0.318856 0.319336 0.318856 0.318115 0.322034 0.316895 0.322034 0.316650 0.320975 0.315918 0.322034 0.315186 0.320445 0.315186 0.318856 0.312988 0.318856 0.312744 0.319915 0.312012 0.319915 0.311768 0.318856 0.311279 0.319915 0.308105 0.319915 0.307861 0.318856 0.306641 0.318856 0.306641 0.321504 0.306152 0.322034 0.306152 0.323623 0.305176 0.325212 0.305176 0.328919 0.305664 0.329979 0.306885 0.329979 0.307617 0.327860 0.308350 0.327860 0.308594 0.328919 0.310059 0.329449 0.309082 0.331038 0.310791 0.332097 0.310303 0.331038 0.310547 0.329979 0.316162 0.329979 0.316406 0.327860 0.320068 0.327860 0.320801 0.325742 0.321533 0.325742 0.321777 0.324682 0.323975 0.324682 0.324219 0.323623 0.325439 0.323623 0.326172 0.320445 0.326660 0.321504 0.327881 0.320975 0.328125 0.322034
1 0.407471 0.309322 0.406250 0.309322 0.405762 0.310381 0.405518 0.309322 0.404785 0.309322 0.404297 0.308263 0.403809 0.309322 0.403809 0.313030 0.404297 0.313559 0.403809 0.315148 0.404785 0.314089 0.405029 0.316737 0.405518 0.315148 0.406494 0.315148 0.406982 0.314089 0.406982 0.311441 0.407471 0.310911
1 0.181885 0.307203 0.180664 0.307203 0.180420 0.308263 0.177734 0.308263 0.176758 0.309322 0.177002 0.310381 0.175781 0.311441 0.176025 0.314089 0.179932 0.314089 0.179932 0.312500 0.178955 0.314089 0.177490 0.310911 0.177490 0.309322 0.179199 0.308792 0.180176 0.310911 0.181396 0.310911 0.181396 0.309322 0.180664 0.309322 0.180420 0.308263
1 0.642578 0.311441 0.642578 0.315148 0.642090 0.315678 0.642090 0.317267 0.644531 0.320975 0.644531 0.324682 0.645752 0.322564 0.645264 0.321504 0.645264 0.318856 0.645752 0.318326 0.645752 0.316737 0.646729 0.316208 0.646973 0.318326 0.647461 0.318856 0.647461 0.324682 0.647949 0.325212 0.647949 0.327860 0.648438 0.326801 0.649658 0.326801 0.649902 0.327860 0.650635 0.327860 0.650879 0.329979 0.651367 0.331038 0.652100 0.331038 0.652344 0.332097 0.653076 0.332097 0.653564 0.330508 0.651855 0.330508 0.651855 0.326801 0.653564 0.326801 0.653809 0.328919 0.656006 0.328919 0.656250 0.329979 0.655762 0.331038 0.656738 0.331038 0.657959 0.327331 0.657471 0.326801 0.657471 0.322034 0.657959 0.321504 0.657471 0.320445 0.657471 0.318856 0.656250 0.318856 0.656006 0.315678 0.652344 0.315678 0.652100 0.313559 0.650879 0.313559 0.650146 0.311441 0.648438 0.310381 0.648193 0.306144 0.647705 0.307203 0.646973 0.307203 0.646729 0.308263 0.645996 0.308263 0.645752 0.309322 0.644531 0.309322 0.644287 0.310381 0.643066 0.310381
1 0.073975 0.309322 0.074707 0.311441 0.075439 0.310911 0.077148 0.312500 0.078613 0.312500 0.078369 0.311970 0.079102 0.310381 0.078613 0.309852 0.079102 0.309322 0.078125 0.307733 0.078125 0.306144 0.074707 0.306674 0.074707 0.308792
1 0.677246 0.304025 0.678223 0.305614 0.678711 0.308792 0.677246 0.311441 0.677002 0.313559 0.675781 0.314089 0.676025 0.315148 0.676270 0.314089 0.676758 0.314619 0.676758 0.316208 0.677246 0.315148 0.678955 0.315148 0.679199 0.317267 0.679932 0.317267 0.680664 0.319386 0.682373 0.319386 0.682861 0.318326 0.683105 0.320445 0.682617 0.320975 0.682617 0.323623 0.683105 0.320445 0.683594 0.320975 0.683350 0.321504 0.685303 0.321504 0.686035 0.323093 0.685791 0.324153 0.686279 0.324682 0.686523 0.321504 0.688477 0.321504 0.687988 0.319915 0.687256 0.319386 0.687012 0.317797 0.686523 0.317797 0.685791 0.316208 0.685547 0.314619 0.685303 0.315678 0.684814 0.315148 0.684814 0.312500 0.683350 0.311970 0.683350 0.306144 0.682861 0.307203 0.682129 0.307203 0.681885 0.308263 0.681152 0.308263 0.679932 0.306144 0.679199 0.307203 0.678711 0.303496 0.677734 0.302966
1 0.174805 0.301907 0.173828 0.303496 0.175293 0.304025 0.175293 0.306674 0.174805 0.307733 0.175537 0.307733 0.175781 0.306674 0.176514 0.306674 0.176514 0.305614 0.175781 0.304555 0.176514 0.304025
1 0.691406 0.302966 0.691406 0.304555 0.690918 0.305614 0.691406 0.306144 0.691406 0.308263 0.691895 0.309852 0.695068 0.309852 0.695557 0.313030 0.697021 0.313030 0.697021 0.314619 0.697998 0.316208 0.697998 0.314619 0.698730 0.314089 0.697998 0.313030 0.697998 0.305085 0.698730 0.304025 0.699951 0.304555 0.699463 0.302966 0.698730 0.304025 0.697998 0.300847 0.695312 0.301907 0.695068 0.299788 0.694336 0.299788 0.694824 0.300318 0.694580 0.300847 0.693848 0.300847 0.692627 0.302966
1 0.187500 0.299258 0.186523 0.300847 0.186523 0.304025 0.186035 0.304555 0.187500 0.304555 0.187988 0.303496
1 0.198486 0.298729 0.197510 0.298729 0.197754 0.302966 0.196777 0.305085 0.196777 0.307733 0.195801 0.308263 0.196289 0.309852 0.197510 0.310381 0.197510 0.306674 0.198975 0.306674 0.198975 0.299788
1 0.262207 0.297140 0.261719 0.299258 0.263428 0.301377 0.263916 0.300318 0.263916 0.297140
1 0.203369 0.296610 0.202393 0.297140 0.201660 0.295021 0.199707 0.297140 0.200439 0.299258 0.200684 0.298199 0.201904 0.298199 0.202148 0.297140
1 0.315430 0.293432 0.316406 0.295021 0.317139 0.295021 0.317383 0.296081 0.319092 0.296081 0.319336 0.297140 0.319824 0.297140 0.320801 0.294492 0.322266 0.294492 0.320557 0.292373 0.321533 0.291314 0.321045 0.290254 0.320312 0.290254 0.320068 0.289195 0.318848 0.289195 0.319824 0.290254 0.319580 0.292903 0.318359 0.291843 0.318359 0.292903 0.317383 0.293432 0.317139 0.294492
1 0.683594 0.285487 0.683594 0.287076 0.684326 0.287076 0.684326 0.288665 0.684814 0.289725 0.685791 0.289195 0.685547 0.286547 0.684082 0.284958
1 0.356445 0.286017 0.356445 0.287076 0.356934 0.287606 0.359375 0.287606 0.358643 0.284958 0.357422 0.284958 0.357178 0.286017
1 0.339355 0.284958 0.339355 0.287606 0.339844 0.288136 0.339844 0.289725 0.340576 0.290254 0.340820 0.291843 0.342041 0.291843 0.342529 0.288136 0.339844 0.288136
1 0.327148 0.283898 0.326172 0.286547 0.326660 0.286547 0.326660 0.288665 0.327148 0.289725 0.327881 0.289725 0.327881 0.283898
1 0.319336 0.287606 0.320068 0.287606 0.320312 0.285487 0.321289 0.287606 0.322021 0.287606 0.322998 0.284958 0.320312 0.284958 0.319824 0.283898 0.320312 0.285487 0.319336 0.286017
1 0.370361 0.282839 0.363281 0.282839 0.363037 0.281780 0.362305 0.282839 0.361816 0.281780 0.361816 0.283369 0.362305 0.283898 0.362305 0.285487 0.361816 0.286547 0.363037 0.284428 0.363281 0.287606 0.361816 0.288136 0.361816 0.289725 0.360840 0.290254 0.360596 0.291314 0.359375 0.291314 0.359131 0.290254 0.358643 0.291314 0.357910 0.291314 0.357910 0.297140 0.356689 0.297140 0.357910 0.299258 0.360107 0.299258 0.360352 0.298199 0.361084 0.298199 0.361572 0.297140 0.360596 0.296081 0.360840 0.293962 0.361572 0.293962 0.361816 0.292903 0.363037 0.292903 0.363281 0.290784 0.364990 0.290784 0.365234 0.289725 0.368408 0.289725 0.368408 0.288136 0.367188 0.288136 0.366943 0.286017 0.367920 0.285487 0.368164 0.286547 0.369385 0.286547 0.370361 0.284428
1 0.335693 0.280191 0.335938 0.290784 0.335205 0.291843 0.335938 0.291843 0.335693 0.291314 0.337158 0.288665 0.336182 0.287606 0.336182 0.286017 0.337402 0.284428 0.337158 0.282309
1 0.538086 0.279661 0.538086 0.284428 0.538574 0.284958 0.538330 0.287076 0.538818 0.287076 0.538574 0.285487 0.539062 0.283369 0.539551 0.284428 0.540283 0.284428 0.540527 0.285487 0.541748 0.283369 0.540771 0.279661
1 0.373047 0.282309 0.376221 0.282309 0.376465 0.281250 0.377197 0.281250 0.377197 0.279661 0.375000 0.279661 0.374756 0.281780
1 0.088867 0.278072 0.087891 0.279661 0.087891 0.280720 0.090088 0.285487 0.090576 0.285487 0.091309 0.283898 0.091309 0.282839 0.090332 0.281250 0.090820 0.280191 0.089600 0.279131 0.089355 0.278072 0.089111 0.279131
1 0.218506 0.278602 0.217773 0.277542 0.216553 0.278602 0.217285 0.280191 0.216309 0.280720 0.216309 0.279661 0.215820 0.279661 0.215332 0.281250 0.216064 0.281250 0.216309 0.282309 0.214355 0.283369 0.214844 0.283898 0.214600 0.284428 0.215332 0.285487 0.215088 0.284958 0.215820 0.284428 0.216309 0.282309 0.217041 0.282309 0.217285 0.281250 0.218506 0.281250
1 0.099854 0.275424 0.098633 0.277013 0.098633 0.282309 0.097656 0.283898 0.097656 0.287076 0.098389 0.288136 0.099121 0.287606 0.099365 0.288136 0.098633 0.290254 0.099609 0.291314 0.101318 0.290254 0.102051 0.291314 0.102539 0.287076 0.103271 0.286017 0.103271 0.284958 0.102295 0.284428 0.102295 0.281780 0.099854 0.279131
1 0.690674 0.275953 0.689453 0.274894 0.689209 0.275953 0.688232 0.275424 0.687988 0.277013 0.688477 0.277542 0.688232 0.278072 0.690430 0.277542
1 0.086182 0.274894 0.085938 0.279131 0.087158 0.278602 0.087402 0.279661 0.087646 0.277013
1 0.096680 0.273305 0.094727 0.275424 0.094238 0.277542 0.094727 0.279661 0.095947 0.280191 0.095459 0.275953 0.095947 0.274364 0.096191 0.275424 0.096680 0.274894
1 0.635254 0.272246 0.634766 0.273835 0.635254 0.274364 0.635498 0.276483 0.636230 0.277542 0.636719 0.280191 0.638184 0.279661 0.637451 0.273835 0.636230 0.271186
1 0.629395 0.269068 0.628906 0.270657 0.629395 0.271186 0.629395 0.274894 0.630371 0.274364 0.632080 0.278072 0.632080 0.274364 0.631592 0.272775 0.631836 0.271716 0.631348 0.272775 0.630371 0.270657 0.630615 0.270127
1 0.671875 0.268008 0.671875 0.270127 0.670898 0.271186 0.670898 0.275953 0.671875 0.277542 0.671875 0.278602 0.673096 0.278602 0.673096 0.276483 0.674072 0.275953 0.673584 0.271186 0.674561 0.271186 0.673828 0.269068 0.673340 0.270657 0.672607 0.268008
1 0.081055 0.268008 0.081055 0.269068 0.081787 0.270127 0.079590 0.271716 0.080078 0.271716 0.081787 0.275953 0.082275 0.275953 0.083252 0.274364 0.083496 0.272775 0.083008 0.271186 0.082275 0.271186 0.081787 0.270127 0.081543 0.268008
1 0.207275 0.264831 0.206299 0.266949 0.205566 0.266949 0.205322 0.271716 0.203613 0.271716 0.204102 0.272246 0.204102 0.274894 0.204590 0.275424 0.204590 0.278072 0.203857 0.279661 0.202881 0.279131 0.202881 0.274364 0.201172 0.271186 0.200195 0.271186 0.199951 0.279661 0.199463 0.279661 0.198975 0.277542 0.197754 0.277542 0.198242 0.279131 0.197998 0.279661 0.197266 0.278602 0.197754 0.280191 0.198975 0.281250 0.199951 0.279661 0.201416 0.280191 0.201660 0.279131 0.202881 0.279131 0.203125 0.284428 0.201660 0.284958 0.200195 0.287606 0.202393 0.287606 0.203125 0.288665 0.203125 0.289725 0.203857 0.289725 0.203857 0.288136 0.203369 0.287606 0.203369 0.286017 0.203857 0.285487 0.203369 0.281780 0.203857 0.281250 0.204102 0.279131 0.205078 0.279661 0.205078 0.282309 0.204590 0.282839 0.205078 0.283898 0.204590 0.284958 0.204590 0.286547 0.205566 0.288665 0.205322 0.290254 0.204590 0.290254 0.205078 0.290784 0.205078 0.296081 0.206787 0.293962 0.206787 0.292373 0.208008 0.290254 0.208252 0.288665 0.208984 0.289195 0.208252 0.288665 0.208740 0.287076 0.210693 0.286017 0.211182 0.287606 0.211426 0.286547 0.210938 0.285487 0.212402 0.282839 0.211914 0.282309 0.212158 0.280720 0.210938 0.280191 0.211182 0.279131 0.211914 0.279131 0.210693 0.277013 0.210693 0.275953 0.209473 0.276483 0.209473 0.275424 0.208252 0.275424 0.208496 0.273835 0.210693 0.272775 0.211426 0.270657 0.207275 0.272246 0.206787 0.271186 0.207520 0.270657 0.207275 0.269068 0.207764 0.268538 0.208252 0.269597 0.208252 0.268538 0.207275 0.267479 0.207520 0.266419 0.208252 0.266949
1 0.357910 0.260593 0.357422 0.261653 0.357666 0.261123 0.357910 0.262182 0.359375 0.262712 0.358643 0.264831 0.357910 0.264831 0.357910 0.266419 0.358643 0.266419 0.358887 0.267479 0.359131 0.264831 0.360596 0.261653 0.359863 0.261653 0.359619 0.260593
1 0.181641 0.261653 0.183105 0.262712 0.182617 0.263242 0.183105 0.263771 0.182617 0.265360 0.184326 0.265360 0.184814 0.263771 0.186279 0.264831 0.186523 0.265890 0.187012 0.264301 0.187500 0.264831 0.187744 0.267479 0.188232 0.266419 0.187744 0.262712 0.187500 0.263242 0.187256 0.262182 0.186279 0.261653 0.186035 0.260064 0.185791 0.261123 0.185547 0.260064 0.185547 0.261653 0.186035 0.262182 0.185303 0.262712 0.185059 0.260593 0.184082 0.259534 0.183350 0.259534 0.182861 0.261123
1 0.651367 0.257415 0.651367 0.262182 0.653076 0.262182 0.653076 0.259534 0.652100 0.257415
1 0.099609 0.254767 0.097900 0.254237 0.096680 0.256886 0.096680 0.259004 0.098389 0.259004 0.098877 0.257945 0.098877 0.255297
1 0.618408 0.251059 0.617188 0.251059 0.617188 0.253708 0.616211 0.254237 0.616211 0.255826 0.615723 0.256356 0.615723 0.259004 0.616211 0.260064 0.616943 0.260064 0.617188 0.262182 0.617432 0.256356 0.616943 0.255826 0.616943 0.254237 0.618652 0.253708 0.618896 0.253178 0.618408 0.252648
1 0.683350 0.248941 0.682617 0.248941 0.682617 0.251589 0.681396 0.254237 0.681641 0.255826 0.680664 0.257415 0.680664 0.259534 0.681152 0.261123 0.682129 0.259004 0.682617 0.259534 0.682617 0.258475 0.683350 0.257415 0.683105 0.254237 0.683838 0.253178
1 0.194336 0.250000 0.194824 0.254767 0.195557 0.252648 0.195801 0.254237 0.197021 0.253178 0.199219 0.256886 0.197998 0.259534 0.196045 0.257415 0.193848 0.258475 0.194336 0.261653 0.193848 0.263242 0.194580 0.263242 0.194824 0.265360 0.196777 0.268538 0.196533 0.266949 0.197510 0.266419 0.197510 0.264301 0.198975 0.265360 0.198975 0.266949 0.201172 0.266419 0.200928 0.268008 0.198975 0.269068 0.197998 0.266949 0.197266 0.268538 0.197754 0.271716 0.199707 0.270657 0.201416 0.266949 0.202148 0.259534 0.201172 0.259004 0.202881 0.257945 0.203857 0.254767 0.204102 0.259004 0.204834 0.258475 0.205078 0.260064 0.203125 0.264301 0.204834 0.263242 0.204834 0.261653 0.207520 0.262712 0.207031 0.261653 0.208496 0.262182 0.209229 0.260593 0.209473 0.262182 0.210938 0.261123 0.216064 0.262182 0.217041 0.266419 0.218018 0.262182 0.219727 0.264831 0.218750 0.265890 0.218750 0.268538 0.223389 0.268008 0.220947 0.265360 0.222168 0.262182 0.223877 0.263242 0.223877 0.261653 0.222412 0.261123 0.223389 0.260064 0.223389 0.258475 0.222168 0.256356 0.222656 0.255826 0.222168 0.254237 0.220703 0.256356 0.221191 0.260064 0.220459 0.262712 0.218750 0.262712 0.218506 0.259534 0.214844 0.260593 0.214600 0.258475 0.213623 0.257945 0.214600 0.256356 0.213135 0.254237 0.214600 0.254237 0.214111 0.249470 0.214600 0.247881 0.213867 0.247881 0.213135 0.251059 0.211914 0.251059 0.212891 0.255826 0.210938 0.257415 0.210693 0.255297 0.206787 0.256886 0.206299 0.255826 0.206787 0.252648 0.204834 0.251059 0.203369 0.252119 0.202881 0.250000 0.199951 0.249470 0.199707 0.250530 0.199219 0.249470 0.198975 0.251589 0.198242 0.249470 0.196777 0.250000 0.197266 0.247881
1 0.227539 0.246822 0.228027 0.248411 0.227051 0.250530 0.228027 0.251059 0.228027 0.253708 0.228516 0.254237 0.228516 0.255826 0.227783 0.257415 0.226562 0.257415 0.226562 0.261123 0.226074 0.262182 0.227539 0.262182 0.228516 0.259004 0.229004 0.260064 0.229736 0.260064 0.229980 0.261123 0.230469 0.260064 0.232666 0.260064 0.232910 0.259004 0.233398 0.260064 0.234131 0.260064 0.234619 0.256356 0.235596 0.254237 0.234863 0.255297 0.233887 0.253178 0.233887 0.248941 0.232422 0.247881 0.232178 0.246822 0.231445 0.246822 0.230713 0.248941 0.228516 0.248941
1 0.657471 0.244703 0.657227 0.247352 0.655762 0.247881 0.655762 0.250530 0.654785 0.251059 0.655762 0.252648 0.656250 0.251589 0.657227 0.252119 0.656982 0.254237 0.655762 0.254237 0.655762 0.256886 0.655273 0.257415 0.655762 0.259004 0.656006 0.257415 0.656982 0.255826 0.657227 0.253708 0.658936 0.253708 0.658936 0.252119 0.657715 0.252119 0.656982 0.250530
1 0.558105 0.244174 0.556641 0.246292 0.558105 0.248941 0.558838 0.253178 0.559326 0.251059 0.558838 0.250530 0.558838 0.244174
1 0.628906 0.243644 0.628906 0.245233 0.629883 0.246822 0.629883 0.248411 0.630371 0.249470 0.628906 0.250000 0.628906 0.251589 0.628418 0.252648 0.628906 0.253708 0.632324 0.253708 0.632568 0.245763 0.631104 0.246292
1 0.205322 0.241525 0.204590 0.240466 0.204590 0.242055 0.202881 0.245763 0.201660 0.245763 0.201172 0.248411 0.201660 0.247352 0.202148 0.248411 0.202881 0.248411 0.203125 0.246292 0.205322 0.246292 0.205811 0.245233
1 0.680664 0.239936 0.679932 0.238347 0.678955 0.239936 0.678711 0.238877 0.678467 0.239936 0.677246 0.239407 0.677002 0.240996 0.676514 0.239936 0.675781 0.239936 0.675781 0.240996 0.677490 0.240996 0.677979 0.239936 0.678223 0.240996 0.679932 0.240996 0.680420 0.242055
1 0.536621 0.240466 0.535889 0.245763 0.533203 0.246292 0.533203 0.251589 0.531494 0.256356 0.530762 0.254767 0.528809 0.262182 0.532959 0.261653 0.535889 0.265360 0.538574 0.275424 0.538086 0.278072 0.541016 0.272775 0.541992 0.274364 0.541504 0.278072 0.542725 0.278072 0.542969 0.275953 0.546631 0.278072 0.544678 0.275953 0.545410 0.272775 0.550537 0.272775 0.550537 0.271186 0.551514 0.270657 0.551025 0.266949 0.549072 0.270127 0.548340 0.270127 0.547119 0.267479 0.548096 0.262712 0.546875 0.262182 0.547119 0.254237 0.546631 0.251059 0.543945 0.252119 0.543213 0.250530 0.543701 0.246822 0.542725 0.244703 0.540039 0.243644 0.539795 0.242585 0.540527 0.245233 0.541992 0.245763 0.541992 0.253708 0.543701 0.253708 0.543945 0.256886 0.545410 0.257415 0.545410 0.259004 0.543945 0.260593 0.543701 0.262712 0.541504 0.262712 0.541992 0.270657 0.539795 0.270657 0.539795 0.268008 0.540771 0.265360 0.539795 0.262712 0.540771 0.262182 0.541260 0.252119 0.539551 0.246822 0.539551 0.253708 0.540527 0.254767 0.539307 0.257415 0.536865 0.254767 0.537109 0.253708 0.538818 0.254237 0.538818 0.247881 0.537842 0.246292 0.538818 0.245233 0.538818 0.238347
1 0.691895 0.235169 0.692871 0.236229 0.692871 0.237818 0.691406 0.238347 0.693604 0.239407 0.694580 0.241525 0.694580 0.237288 0.693604 0.237288 0.692383 0.234640
1 0.687744 0.235699 0.687256 0.234110 0.686523 0.234110 0.686279 0.235169 0.685059 0.235169 0.685059 0.236758 0.686279 0.236758 0.686523 0.237818 0.687256 0.237818
1 0.218750 0.234110 0.219238 0.234640 0.219238 0.236229 0.218750 0.236758 0.219482 0.236758 0.219727 0.238877 0.220703 0.240466 0.220703 0.242055 0.220215 0.242585 0.220215 0.245233 0.221924 0.245233 0.222168 0.248411 0.222656 0.247352 0.223389 0.247352 0.223389 0.245763 0.224365 0.245233 0.225098 0.243114 0.226807 0.243114 0.226074 0.242585 0.225342 0.240466 0.224609 0.240466 0.224365 0.239407 0.222656 0.239407 0.222656 0.242055 0.221680 0.242585 0.220947 0.240466 0.222412 0.236229 0.221191 0.235169 0.220947 0.236229 0.219971 0.236758 0.219727 0.235699 0.219482 0.236758 0.219238 0.234640 0.219727 0.234110
1 0.554443 0.229343 0.553955 0.231992 0.552246 0.231992 0.553711 0.236758 0.554688 0.236229 0.554199 0.234110
1 0.671875 0.239936 0.671387 0.238347 0.669434 0.236758 0.669189 0.235169 0.668457 0.235169 0.668213 0.234110 0.667725 0.235169 0.667236 0.234640 0.667480 0.232521 0.669189 0.229873 0.668457 0.229873 0.668457 0.228284 0.668213 0.229343 0.667969 0.228284 0.667725 0.229343 0.667480 0.228284 0.667480 0.230403 0.666260 0.233051 0.665283 0.232521 0.666260 0.230403 0.664062 0.231462 0.663818 0.232521 0.665527 0.233051 0.664551 0.235169 0.664307 0.237288 0.663818 0.236758 0.663818 0.235169 0.663086 0.235169 0.662598 0.234110 0.664551 0.238347 0.664307 0.239936 0.662598 0.238347 0.660156 0.238877 0.659668 0.240466 0.658936 0.239936 0.658691 0.240996 0.658203 0.240996 0.658691 0.241525 0.658691 0.243114 0.659668 0.243114 0.659668 0.244703 0.659912 0.242055 0.662109 0.242585 0.662842 0.241525 0.663086 0.242585 0.663818 0.241525 0.664551 0.243644 0.664307 0.245233 0.665527 0.245233 0.665771 0.243114 0.666504 0.242055 0.666748 0.240466 0.666992 0.242055 0.667969 0.240996 0.668701 0.242055 0.668945 0.240996 0.670166 0.240996 0.670410 0.242055 0.671143 0.240996 0.671387 0.241525 0.670898 0.243114 0.671875 0.244703 0.671875 0.243114 0.671387 0.242055 0.671387 0.240466
1 0.362061 0.225636 0.360352 0.225636 0.360107 0.226695 0.359375 0.226695 0.358887 0.225636 0.359375 0.226695 0.358398 0.228814 0.358887 0.232521 0.356445 0.236229 0.356934 0.237288 0.356934 0.239936 0.357666 0.239936 0.357910 0.240996 0.359131 0.240996 0.359375 0.242055 0.360107 0.240996 0.360107 0.239407 0.360596 0.238877 0.360596 0.228814 0.361816 0.228814 0.362061 0.234640 0.362061 0.231992 0.362549 0.231462 0.362549 0.228814 0.363037 0.227754 0.363037 0.226695 0.362305 0.226695
1 0.603760 0.219809 0.601807 0.219280 0.601318 0.220339 0.600098 0.220339 0.600586 0.221398 0.600342 0.222458 0.599609 0.222458 0.598877 0.224576 0.597656 0.225106 0.599609 0.225106 0.600098 0.224047 0.601318 0.224047 0.600342 0.222458 0.601318 0.221928 0.601562 0.219809 0.602051 0.220869 0.602539 0.219809
1 0.207031 0.214513 0.205566 0.215042 0.205811 0.217161 0.205322 0.218220 0.205078 0.217691 0.204346 0.218750 0.203369 0.218750 0.202637 0.217161 0.200684 0.218220 0.199219 0.222458 0.199463 0.225106 0.200195 0.225106 0.200928 0.223517 0.201904 0.223517 0.203125 0.225106 0.203125 0.224047 0.203613 0.224047 0.203369 0.223517 0.204346 0.221398 0.204590 0.221928 0.205811 0.218220 0.206055 0.219280 0.207764 0.219809
1 0.692627 0.215042 0.691895 0.215042 0.691406 0.213983 0.691162 0.216102 0.690430 0.215042 0.690186 0.218220 0.689453 0.216631 0.688965 0.217161 0.688965 0.218220 0.690918 0.220339 0.692139 0.219809 0.692139 0.216102
1 0.616455 0.212924 0.615234 0.212924 0.614258 0.215042 0.614258 0.219809 0.615234 0.220339 0.615234 0.221928 0.614502 0.223517 0.613037 0.222987 0.613037 0.217161 0.611816 0.217161 0.611084 0.215042 0.610352 0.215042 0.610352 0.216631 0.608887 0.219280 0.609375 0.220869 0.609131 0.222458 0.604004 0.224576 0.605469 0.228814 0.605469 0.230932 0.607910 0.233051 0.607910 0.236758 0.607422 0.237288 0.607422 0.238877 0.608398 0.240466 0.608398 0.242055 0.609863 0.242585 0.609375 0.245233 0.608398 0.245763 0.608398 0.249470 0.609375 0.251059 0.609375 0.253708 0.610352 0.254237 0.609863 0.259004 0.610840 0.261123 0.612061 0.257945 0.612305 0.253708 0.614502 0.253708 0.614014 0.248941 0.613281 0.248941 0.613281 0.250530 0.612793 0.251059 0.612549 0.248941 0.611816 0.248941 0.611084 0.247352 0.611084 0.245763 0.610596 0.245233 0.610840 0.240996 0.611572 0.240996 0.613037 0.238877 0.613281 0.245233 0.614502 0.245233 0.613525 0.242055 0.613525 0.240466 0.614746 0.236758 0.615479 0.236758 0.615723 0.238877 0.616455 0.238877 0.617188 0.240466 0.616699 0.244174 0.617188 0.242055 0.621338 0.242055 0.621826 0.240996 0.620850 0.239936 0.621826 0.237818 0.621826 0.235169 0.621338 0.234640 0.621338 0.233051 0.621826 0.232521 0.621826 0.228814 0.620850 0.227225 0.620850 0.225636 0.619873 0.225106 0.619385 0.222458 0.616943 0.221928 0.617188 0.219809 0.618896 0.219280
1 0.525391 0.212924 0.525879 0.213983 0.525879 0.216631 0.526367 0.217161 0.526367 0.218750 0.526855 0.219809 0.529053 0.219809 0.529297 0.220869 0.528809 0.221928 0.529785 0.219809 0.531006 0.219809 0.531006 0.217161 0.532959 0.214513 0.532959 0.212924 0.531250 0.212924 0.531006 0.211864 0.529785 0.211864 0.529053 0.213983 0.527588 0.213983 0.527100 0.211864 0.525879 0.211864
1 0.225586 0.209746 0.225830 0.213983 0.226807 0.215572 0.227539 0.215042 0.227783 0.211864
1 0.542969 0.200212 0.541992 0.202860 0.542725 0.202860 0.542969 0.203919 0.543701 0.203919 0.544189 0.204979 0.544189 0.203390 0.544678 0.202331 0.543701 0.200212
1 0.111084 0.197564 0.111084 0.196504 0.110352 0.194915 0.109131 0.195975 0.108398 0.195445 0.107910 0.196504 0.108398 0.197564 0.109131 0.196504 0.109375 0.199153 0.109619 0.197564
1 0.601562 0.193856 0.601562 0.194915 0.602051 0.194915 0.602051 0.196504 0.602783 0.196504 0.603027 0.197564 0.604004 0.198093 0.604004 0.199682 0.604492 0.200212 0.604492 0.202860 0.605225 0.203390 0.606689 0.201801 0.606689 0.199153 0.605957 0.199153 0.605469 0.198093 0.605469 0.202860 0.604980 0.203390 0.604736 0.194915 0.604004 0.194915 0.603760 0.193856
1 0.668213 0.190678 0.667725 0.189619 0.666992 0.189619 0.667480 0.191208 0.666748 0.191737 0.666016 0.190148 0.664062 0.190148 0.664062 0.193856 0.664795 0.193856 0.663574 0.195975 0.662354 0.193326 0.662842 0.192267 0.662842 0.190678 0.661865 0.190148 0.662109 0.189089 0.663086 0.188559 0.662109 0.188559 0.661865 0.187500 0.660889 0.186970 0.661621 0.188559 0.661133 0.190678 0.662109 0.190678 0.662598 0.191737 0.662109 0.192797 0.662109 0.195445 0.660889 0.195445 0.661377 0.194386 0.661133 0.191737 0.661133 0.194386 0.660156 0.194915 0.660156 0.196504 0.659424 0.198093 0.658691 0.195445 0.658691 0.198623 0.658936 0.197564 0.659180 0.198093 0.659180 0.203919 0.657715 0.203919 0.658447 0.203919 0.658936 0.204979 0.659180 0.203919 0.659668 0.203919 0.660400 0.206568 0.660645 0.204979 0.662109 0.206038 0.662354 0.204449 0.660645 0.203390 0.661865 0.200742 0.662109 0.201801 0.662598 0.200742 0.663818 0.200742 0.664062 0.202860 0.665283 0.201801 0.665283 0.199153 0.665771 0.198093 0.665283 0.197564 0.665039 0.194915 0.667480 0.191737 0.667725 0.192797
1 0.522949 0.183263 0.522949 0.185911 0.525391 0.186441 0.524658 0.188559 0.523438 0.188559 0.523438 0.192267 0.524658 0.192267 0.524902 0.191208 0.525391 0.192267 0.525391 0.194386 0.526367 0.194915 0.525391 0.197034 0.525879 0.198623 0.525146 0.200212 0.524414 0.199153 0.524170 0.197034 0.522705 0.194386 0.522705 0.190678 0.522217 0.189619 0.521729 0.190678 0.521240 0.189619 0.520752 0.190678 0.519531 0.189619 0.519531 0.192267 0.520264 0.192267 0.520996 0.194386 0.518066 0.194915 0.518555 0.195975 0.518066 0.199682 0.516602 0.200742 0.514160 0.206038 0.514160 0.207627 0.515137 0.207627 0.514160 0.215572 0.515869 0.213983 0.516846 0.210275 0.517578 0.213453 0.516602 0.215572 0.517578 0.217161 0.517578 0.219809 0.518311 0.219809 0.518311 0.211864 0.519043 0.211335 0.519531 0.212394 0.519531 0.220869 0.520752 0.219809 0.520996 0.221928 0.523193 0.222987 0.523193 0.220869 0.524170 0.219809 0.523926 0.224047 0.524658 0.225106 0.524902 0.223517 0.525391 0.224047 0.525391 0.222458 0.524658 0.222458 0.524658 0.220339 0.525146 0.219809 0.524658 0.215042 0.522949 0.213983 0.520996 0.217161 0.520996 0.211335 0.524658 0.211335 0.526367 0.208157 0.527344 0.208686 0.527588 0.211335 0.529053 0.211335 0.528564 0.209746 0.530518 0.207097 0.530273 0.202860 0.531006 0.202860 0.531250 0.204979 0.534912 0.204979 0.534912 0.203919 0.532959 0.202860 0.532959 0.194915 0.528564 0.194386 0.528076 0.192267 0.528076 0.188559 0.528564 0.187500 0.527100 0.184322 0.523438 0.185381
1 0.666016 0.182733 0.666748 0.184852 0.668213 0.185381 0.668457 0.186441 0.668701 0.185381 0.669922 0.185911 0.670166 0.187500 0.669189 0.188030 0.669189 0.189089 0.671387 0.186441 0.670898 0.182203 0.670410 0.182203 0.670410 0.183792 0.669922 0.184852 0.669189 0.183792 0.669678 0.183263 0.668945 0.181144 0.669434 0.180614 0.668701 0.180614 0.667725 0.179025 0.667236 0.179025 0.666504 0.182733
1 0.644531 0.177966 0.644531 0.180614 0.643799 0.185381 0.645020 0.188030 0.645996 0.188559 0.645996 0.190148 0.647217 0.191208 0.648438 0.195445 0.649902 0.195975 0.650879 0.193856 0.651855 0.193326 0.652832 0.195445 0.652832 0.198623 0.652588 0.198093 0.653320 0.195445 0.653320 0.191737 0.652832 0.191208 0.652832 0.189089 0.652344 0.188559 0.652100 0.186441 0.653076 0.185911 0.653076 0.180085 0.654053 0.179555 0.654053 0.177966 0.652344 0.177966 0.651367 0.179555 0.651123 0.181144 0.651611 0.182203 0.652344 0.182203 0.652100 0.184322 0.651611 0.184322 0.650879 0.182733 0.650146 0.184322 0.649414 0.183263 0.648193 0.184852 0.647461 0.181674 0.646240 0.179025 0.646484 0.177966 0.646240 0.179025 0.645996 0.177966
1 0.235840 0.177436 0.234863 0.178496 0.234863 0.180614 0.235352 0.181144 0.234619 0.182733 0.234863 0.183792 0.236816 0.181144 0.236084 0.180614
1 0.201660 0.166314 0.202148 0.167373 0.201660 0.168962 0.202881 0.168962 0.204102 0.171081 0.206787 0.172140 0.206787 0.167373 0.205566 0.167373 0.205322 0.166314 0.203125 0.166314 0.202881 0.165254 0.202393 0.166314
1 0.529541 0.163136 0.530762 0.165784 0.528809 0.166314 0.528564 0.167373 0.527832 0.166314 0.527832 0.167903 0.528320 0.168962 0.527344 0.170021 0.528320 0.171610 0.527832 0.173729 0.528809 0.173729 0.528809 0.177436 0.529541 0.177436 0.529785 0.179555 0.530273 0.180085 0.530273 0.185911 0.529785 0.186970 0.530273 0.185911 0.531982 0.186970 0.531006 0.185911 0.531006 0.183263 0.531494 0.182733 0.532959 0.185911 0.532959 0.184322 0.533447 0.183792 0.533447 0.177966 0.533936 0.177436 0.534424 0.178496 0.533936 0.176907 0.534424 0.173729 0.533691 0.173729 0.532959 0.172140 0.532959 0.170551 0.532471 0.170021 0.532471 0.168432 0.532959 0.167373 0.532471 0.166314 0.531250 0.166314 0.530029 0.163136
1 0.603271 0.161017 0.603516 0.164195 0.604004 0.165254 0.604004 0.168962 0.602539 0.170551 0.602539 0.174258 0.602051 0.175318 0.602783 0.175318 0.603027 0.177436 0.604248 0.177436 0.604492 0.176377 0.605957 0.175847 0.605957 0.172669 0.607178 0.171081 0.609375 0.170021 0.608154 0.168962 0.607422 0.169492 0.606689 0.167903 0.606689 0.165254 0.606934 0.164725 0.607178 0.166314 0.607178 0.164725 0.605469 0.165254 0.605469 0.166843 0.604980 0.167373 0.604980 0.161547 0.604736 0.162606 0.604492 0.161017
1 0.538574 0.159958 0.538574 0.165784 0.538086 0.166314 0.538086 0.168432 0.538574 0.169492 0.541260 0.168962 0.540771 0.167373 0.540039 0.167373 0.539062 0.165784 0.539307 0.161017
1 0.206055 0.155720 0.206055 0.158369 0.205566 0.158898 0.205566 0.160487 0.205078 0.161547 0.205566 0.162606 0.206787 0.162606 0.206787 0.155720
1 0.245361 0.154661 0.244873 0.155720 0.245850 0.157309 0.245361 0.158369 0.245117 0.164195 0.245605 0.165784 0.245850 0.165254 0.246094 0.166843 0.247314 0.164195 0.248779 0.167373 0.249512 0.167373 0.249756 0.166314 0.249268 0.166314 0.249268 0.165254 0.246338 0.157839 0.246338 0.155720
1 0.241455 0.151483 0.240967 0.150424 0.240479 0.150953 0.239746 0.149364 0.239990 0.149894 0.239502 0.152013 0.238770 0.153072 0.238525 0.152542 0.238770 0.155720 0.239258 0.154131 0.239746 0.154661 0.239990 0.152013 0.240234 0.152542
1 0.243652 0.144068 0.243164 0.145127 0.243408 0.149364 0.242920 0.150953 0.242676 0.149894 0.242188 0.150953 0.242676 0.152013 0.243408 0.151483 0.244141 0.153072 0.244629 0.151483 0.243652 0.149894 0.243652 0.147246 0.244629 0.147246 0.244629 0.144597
1 0.224121 0.143008 0.223633 0.143008 0.223633 0.145127 0.223145 0.146186 0.222168 0.144597 0.222412 0.144068 0.221680 0.145127 0.221680 0.146716 0.222900 0.149894 0.222412 0.150953 0.221680 0.149894 0.222412 0.150953 0.222168 0.151483 0.222656 0.150424 0.222900 0.150953 0.222412 0.153072 0.222656 0.154131 0.223145 0.154131 0.223389 0.153072 0.223389 0.147775
1 0.228027 0.130297 0.229004 0.134534 0.228271 0.137712 0.228760 0.137182 0.231445 0.141949 0.230713 0.143008 0.231689 0.143538 0.232178 0.141949 0.232178 0.139831 0.231689 0.139831 0.231201 0.138242 0.231934 0.136653 0.232178 0.134004 0.232910 0.132415 0.233398 0.132945 0.233887 0.131886 0.233398 0.132945 0.232910 0.130826 0.231201 0.130826 0.230713 0.129767 0.230225 0.132415 0.229248 0.130297 0.228760 0.131356
1 0.549805 0.126059 0.548340 0.130826 0.549072 0.132945 0.548828 0.134534 0.550781 0.132415 0.550781 0.128178
1 0.644531 0.122352 0.645020 0.126059 0.644775 0.126589 0.645264 0.126589 0.645508 0.127648 0.646484 0.127648 0.646973 0.126589 0.647949 0.127119 0.647949 0.135064 0.646484 0.135064 0.645996 0.136123 0.645996 0.137182 0.646484 0.137182 0.646484 0.139301 0.647949 0.140360 0.647705 0.136123 0.648682 0.134534 0.649414 0.135593 0.648926 0.137182 0.649414 0.138771 0.649170 0.139831 0.649902 0.138242 0.650146 0.135593 0.649414 0.135064 0.649170 0.133475 0.648193 0.131886 0.648193 0.130297 0.648682 0.129767 0.648193 0.128708 0.648193 0.127119 0.647217 0.125530 0.647461 0.124470 0.646729 0.125000 0.645996 0.123411
1 0.650879 0.120763 0.650391 0.121822 0.650879 0.122881 0.650879 0.124470 0.651611 0.124470 0.651855 0.125530 0.652832 0.126059 0.653564 0.134534 0.653809 0.132945 0.654541 0.132945 0.653564 0.130826 0.653564 0.127119 0.654053 0.126589 0.653809 0.126059 0.654785 0.122881 0.653809 0.121822 0.652832 0.121822 0.652344 0.122881 0.652100 0.120763
1 0.559326 0.120763 0.558350 0.123941 0.557373 0.122352 0.556396 0.122352 0.555664 0.120763 0.555908 0.122352 0.555420 0.123941 0.554688 0.123941 0.554199 0.122881 0.554443 0.123941 0.556152 0.123411 0.558105 0.125000 0.557861 0.126059 0.556641 0.126059 0.556641 0.127648 0.557129 0.128178 0.556885 0.129237 0.556152 0.129237 0.555908 0.127119 0.554199 0.127119 0.552734 0.130297 0.552734 0.132945 0.553223 0.133475 0.553223 0.135064 0.555420 0.135064 0.555908 0.137712 0.555664 0.138771 0.555908 0.132415 0.555420 0.131356 0.556152 0.129767 0.556885 0.129767 0.557129 0.128708 0.558105 0.129237 0.557617 0.130826 0.559326 0.130297 0.559326 0.129237 0.558838 0.128708 0.558838 0.127119 0.559326 0.126589 0.558838 0.125530 0.559814 0.123941 0.558838 0.122352
1 0.571777 0.119174 0.571289 0.119174 0.569092 0.123941 0.568359 0.123941 0.566650 0.127119 0.567139 0.127648 0.567139 0.128708 0.566650 0.130297 0.565918 0.130826 0.566406 0.132945 0.566895 0.132945 0.566895 0.129237 0.568359 0.125000 0.569092 0.125530 0.569092 0.124470 0.569824 0.122881 0.570801 0.123941 0.570801 0.122352
1 0.534180 0.115466 0.534668 0.116525 0.534668 0.118114 0.534912 0.117585 0.535645 0.118644 0.535645 0.126589 0.534180 0.127119 0.533936 0.123941 0.533447 0.125000 0.532715 0.125000 0.532715 0.126589 0.533447 0.126589 0.533691 0.128708 0.534912 0.128708 0.535156 0.127648 0.535889 0.127648 0.536133 0.128708 0.537354 0.128708 0.537598 0.129767 0.536865 0.131356 0.536133 0.131356 0.536133 0.134004 0.535645 0.134534 0.536133 0.135593 0.536133 0.138242 0.535645 0.139301 0.537598 0.137182 0.538574 0.138242 0.539307 0.137182 0.538330 0.138242 0.537598 0.136123 0.538086 0.135064 0.538574 0.135593 0.540771 0.132415 0.540527 0.131356 0.539307 0.131356 0.538574 0.129237 0.537598 0.129237 0.536865 0.127648 0.536865 0.125000 0.537354 0.124470 0.537354 0.122881 0.537842 0.122352 0.537842 0.120763 0.538330 0.120233 0.538818 0.116525 0.538086 0.116525 0.537842 0.117585 0.537109 0.117585 0.536621 0.118644 0.535889 0.116525
1 0.572510 0.118644 0.572998 0.119174 0.572998 0.120233 0.573730 0.120233 0.574463 0.122352 0.573730 0.119703 0.573730 0.117055 0.574707 0.116525 0.575928 0.118114 0.576660 0.120233 0.576660 0.121822 0.576416 0.118644 0.576904 0.117585 0.576416 0.118644 0.575684 0.117055 0.575195 0.117055 0.574951 0.114407 0.574463 0.114407
1 0.643311 0.113877 0.642334 0.113877 0.640869 0.115466 0.640625 0.116525 0.640869 0.115996 0.641113 0.117055 0.640381 0.119703 0.639648 0.118114 0.638184 0.118644 0.638184 0.120233 0.637451 0.121822 0.636963 0.120763 0.634277 0.120233 0.634277 0.121292 0.636963 0.121292 0.637207 0.122352 0.637939 0.122352 0.638672 0.123941 0.638184 0.125530 0.640381 0.125530 0.640869 0.121292 0.641357 0.121292 0.641602 0.122352 0.642090 0.121292 0.642822 0.121292 0.642822 0.116525 0.643311 0.115996
1 0.346680 0.111229 0.345215 0.112288 0.344971 0.113347 0.343750 0.111229 0.342773 0.112818 0.342529 0.114407 0.342041 0.113347 0.341309 0.114407 0.341797 0.115466 0.341797 0.117055 0.342285 0.117585 0.341797 0.118644 0.341064 0.118644 0.341553 0.120233 0.341309 0.123411 0.340820 0.124470 0.341797 0.126589 0.342529 0.126589 0.342773 0.128708 0.343506 0.128708 0.343994 0.124470 0.345215 0.124470 0.345215 0.127648 0.347412 0.126059 0.347168 0.125000 0.345459 0.125000 0.345215 0.124470 0.345703 0.123941 0.344727 0.123411 0.346924 0.121292 0.347168 0.120233 0.347656 0.120763 0.347412 0.119174 0.346680 0.118114 0.347168 0.115996 0.347656 0.117585 0.347900 0.116525 0.349121 0.117585 0.348145 0.113877
1 0.464844 0.113347 0.464844 0.115996 0.466553 0.115996 0.466553 0.118114 0.467529 0.118114 0.468262 0.121292 0.468994 0.121292 0.469482 0.120233 0.469482 0.118644 0.469971 0.117585 0.469482 0.117055 0.469482 0.113347 0.468506 0.111758 0.468994 0.110169 0.467773 0.110169 0.467285 0.111229 0.467285 0.113877 0.466553 0.115466
1 0.333252 0.110699 0.332275 0.110169 0.332275 0.112818 0.330566 0.114936 0.329590 0.114407 0.329102 0.113347 0.329346 0.112818 0.328613 0.113877 0.328125 0.113347 0.327881 0.115466 0.326660 0.115466 0.326660 0.118114 0.325195 0.119174 0.325928 0.119703 0.324951 0.123411 0.326904 0.121292 0.326416 0.120233 0.326660 0.118114 0.327881 0.117585 0.328369 0.118114 0.328369 0.123411 0.328857 0.122352 0.328613 0.120763 0.330566 0.118114 0.331543 0.114407 0.332764 0.114407 0.332764 0.113347 0.333252 0.113347
1 0.560059 0.108051 0.558105 0.109110 0.559570 0.109110 0.559570 0.112818 0.560059 0.113347 0.559814 0.114407 0.559082 0.113347 0.559570 0.114936 0.558838 0.116525 0.558105 0.116525 0.558105 0.119174 0.558838 0.118114 0.559814 0.119174 0.559814 0.117585 0.560303 0.116525 0.560303 0.115466 0.559814 0.114936 0.560303 0.113877 0.559814 0.110169 0.560547 0.108581
1 0.354492 0.105932 0.354492 0.107521 0.353516 0.107521 0.353027 0.109640 0.354248 0.109640 0.354736 0.110699 0.354492 0.111758 0.355225 0.111758 0.355225 0.106992
1 0.234375 0.106462 0.234863 0.105932 0.234863 0.104343 0.235352 0.104343 0.235596 0.103284 0.236328 0.104343 0.236084 0.105403 0.235352 0.105403 0.236084 0.105932 0.235840 0.107521 0.236328 0.108581 0.236816 0.107521 0.237549 0.107521 0.237793 0.108581 0.238770 0.108051 0.239502 0.109640 0.240234 0.109640 0.240479 0.108581 0.241943 0.108581 0.241699 0.106462 0.239258 0.106992 0.239258 0.105932 0.238037 0.105932 0.238525 0.104343 0.240723 0.105403 0.241211 0.103814 0.240479 0.102754 0.239014 0.103284 0.238037 0.102225 0.236328 0.103284 0.236328 0.101695 0.235840 0.103284 0.234863 0.102754 0.235107 0.103814
1 0.473389 0.099576 0.472656 0.102225 0.472656 0.105403 0.473633 0.105932 0.474121 0.109640 0.475586 0.110169 0.475586 0.114936 0.474609 0.117585 0.475586 0.118644 0.475586 0.120233 0.474609 0.121822 0.474609 0.123411 0.475098 0.124470 0.475830 0.124470 0.476318 0.123411 0.476562 0.125530 0.478027 0.126059 0.476807 0.128178 0.476074 0.127119 0.476562 0.128178 0.476318 0.129237 0.475586 0.129237 0.475098 0.128178 0.475586 0.129237 0.475586 0.134004 0.476318 0.134004 0.476562 0.132945 0.478271 0.132945 0.478516 0.131886 0.479248 0.131886 0.481201 0.127119 0.480713 0.126589 0.480713 0.122881 0.479492 0.122881 0.479248 0.121822 0.478516 0.121822 0.478271 0.120763 0.477295 0.120233 0.477539 0.118114 0.478760 0.117585 0.478271 0.116525 0.476807 0.116525 0.476318 0.115466 0.476318 0.110169 0.476807 0.109110 0.475830 0.106992 0.475098 0.106992 0.473389 0.103284 0.473633 0.102225 0.474854 0.102225 0.474365 0.102225
1 0.530518 0.096928 0.530273 0.099576 0.530762 0.101165 0.531250 0.101165 0.530762 0.103284 0.531738 0.103284 0.531738 0.100636 0.532227 0.099576 0.531738 0.099576 0.531494 0.097458
1 0.522949 0.096398 0.522217 0.099576 0.521484 0.098517 0.521240 0.099576 0.520020 0.099576 0.519775 0.100636 0.519043 0.100106 0.518066 0.102225 0.518066 0.105403 0.518799 0.105403 0.519043 0.106462 0.519287 0.105932 0.519775 0.107521 0.519531 0.109640 0.520508 0.108051 0.520508 0.106462 0.521240 0.107521 0.521973 0.106462 0.522949 0.106462 0.523926 0.104343 0.524170 0.101165 0.523926 0.100636 0.523682 0.101695 0.523193 0.100636
1 0.464355 0.094280 0.462891 0.097987 0.463379 0.099047 0.464111 0.099047 0.464844 0.101165 0.465576 0.101165 0.465576 0.098517 0.464600 0.097987
1 0.550781 0.093750 0.549805 0.093220 0.550049 0.093750 0.549561 0.094809 0.549316 0.094280 0.549072 0.095869 0.548828 0.094809 0.548096 0.096398 0.547607 0.095339 0.547363 0.096928 0.547852 0.097987 0.548340 0.096928 0.550293 0.096928
1 0.509766 0.093220 0.509766 0.095869 0.511230 0.099047 0.511963 0.099576 0.512939 0.097987 0.512939 0.095339 0.512207 0.095339 0.511963 0.093750 0.511719 0.095869 0.511230 0.096398 0.510742 0.094809 0.511230 0.092691 0.510742 0.092691 0.510254 0.094280
1 0.475586 0.088453 0.474609 0.090572 0.474609 0.092691 0.474121 0.093220 0.474609 0.098517 0.475586 0.101165 0.476318 0.100106 0.476318 0.097458 0.475830 0.096398 0.476562 0.094809 0.477051 0.095339 0.476807 0.095869 0.477783 0.094809 0.478027 0.095339 0.478027 0.094280 0.477539 0.093750 0.479004 0.092691 0.479980 0.094280 0.479004 0.096928 0.479492 0.095339 0.480713 0.100106 0.480469 0.101695 0.480957 0.102225 0.480469 0.101165 0.481201 0.099576 0.481201 0.097458 0.480469 0.095869 0.480713 0.095339 0.480225 0.095339 0.479980 0.093750 0.480469 0.092691 0.479248 0.090572 0.479980 0.088983 0.479004 0.086335 0.477539 0.086335 0.477783 0.086864 0.477051 0.089513 0.476318 0.087924 0.475830 0.088983
1 0.470703 0.085275 0.469238 0.086335 0.468994 0.085805 0.468750 0.087924 0.467773 0.090042 0.467773 0.101165 0.467041 0.101695 0.466309 0.103814 0.466309 0.107521 0.468994 0.107521 0.469238 0.108581 0.471436 0.108581 0.470459 0.108051 0.471924 0.105403 0.471924 0.101165 0.471436 0.100106 0.471436 0.098517 0.470459 0.097987 0.470703 0.096928 0.470215 0.095869 0.470703 0.094280 0.470703 0.092161 0.469971 0.090042 0.470703 0.087924
1 0.522949 0.082627 0.521484 0.085805 0.521484 0.088453 0.520996 0.089513 0.522949 0.094809 0.523682 0.094809 0.524414 0.092691 0.525146 0.092691 0.524658 0.088983 0.525635 0.086335 0.524902 0.084746 0.524902 0.083157 0.523438 0.084746
1 0.261475 0.080508 0.261475 0.082097 0.262207 0.083157 0.263184 0.086864 0.262695 0.085805 0.263428 0.084746 0.264648 0.086335 0.263672 0.082627 0.263672 0.080508
1 0.499512 0.081568 0.499512 0.084746 0.500000 0.084746 0.500488 0.082627 0.500732 0.083157 0.500488 0.085275 0.501953 0.088453 0.501709 0.090572 0.502197 0.093220 0.502930 0.093750 0.504883 0.092161 0.504639 0.089513 0.504150 0.090042 0.503662 0.087924 0.502197 0.087924 0.502686 0.085805 0.501465 0.081038 0.500732 0.081038 0.501465 0.079449 0.500732 0.079979 0.500977 0.080508 0.500488 0.082097 0.499756 0.082627
1 0.469727 0.080508 0.469727 0.083157 0.470459 0.081568 0.471191 0.083157 0.471191 0.084216 0.473145 0.083686 0.471680 0.082097 0.470947 0.079449 0.470215 0.079449
1 0.477539 0.073093 0.476074 0.076801 0.476562 0.079979 0.478516 0.079449 0.479004 0.076801
1 0.489014 0.070975 0.488770 0.072034 0.487793 0.072034 0.487305 0.073623 0.488037 0.078919 0.487305 0.083157 0.486816 0.084216 0.486328 0.083157 0.487305 0.087394 0.486816 0.087924 0.486816 0.088983 0.487549 0.090042 0.487305 0.090572 0.488281 0.092161 0.488281 0.093220 0.488525 0.092161 0.488770 0.092691 0.488770 0.094809 0.490234 0.097987 0.490234 0.101165 0.490723 0.101165 0.491699 0.104343 0.491211 0.105403 0.491211 0.109110 0.491455 0.108581 0.491943 0.110169 0.493652 0.110169 0.492920 0.112288 0.493408 0.113347 0.494141 0.110699 0.493652 0.109110 0.493896 0.106462 0.492432 0.106462 0.492920 0.105403 0.493164 0.105932 0.493164 0.104343 0.494385 0.101695 0.495117 0.102225 0.496826 0.100636 0.496826 0.096398 0.496338 0.094280 0.495850 0.096398 0.495361 0.095339 0.494141 0.095339 0.493408 0.096928 0.492432 0.093750 0.492676 0.090572 0.491943 0.087394 0.492432 0.086864 0.493164 0.089513 0.493896 0.089513 0.494385 0.090572 0.494629 0.088453 0.493652 0.085275 0.493896 0.079449 0.493164 0.077860 0.492188 0.080508 0.491699 0.076801 0.490967 0.076801 0.490967 0.073093 0.489746 0.070975
1 0.275146 0.070445 0.273926 0.070445 0.273926 0.072564 0.273438 0.073623 0.273193 0.073093 0.273438 0.075212 0.273926 0.075212 0.275391 0.072564
1 0.241943 0.067797 0.241211 0.072564 0.240234 0.072564 0.241455 0.075212 0.240967 0.076271 0.241211 0.078390 0.242676 0.077860 0.241943 0.075212 0.242432 0.074153 0.243164 0.075212 0.242920 0.074153 0.242188 0.074153 0.241699 0.072564
1 0.520996 0.065678 0.521484 0.067267 0.521973 0.067267 0.521973 0.068856 0.520996 0.069386 0.520752 0.070975 0.521729 0.070445 0.521484 0.069915 0.521973 0.069386 0.523682 0.073093 0.523926 0.067267 0.522217 0.065678 0.522705 0.064619
1 0.532959 0.063559 0.532227 0.065148 0.532715 0.066737 0.532715 0.071504 0.533936 0.076271 0.534668 0.074682 0.534668 0.072034 0.534180 0.070975 0.534180 0.065678 0.534668 0.065148 0.534668 0.063559
1 0.469482 0.066737 0.468262 0.063559 0.467529 0.064619 0.466309 0.064619 0.466797 0.066208 0.466797 0.068326
1 0.406982 0.061970 0.405518 0.064619 0.407227 0.066737 0.407471 0.062500
1 0.566895 0.067267 0.568115 0.066737 0.567871 0.065148 0.568359 0.064089 0.568604 0.066208 0.569336 0.064619 0.570312 0.065678 0.570557 0.065148 0.570557 0.067797 0.571533 0.066737 0.571533 0.065678 0.570557 0.065148 0.571045 0.064089 0.571289 0.064619 0.571777 0.063030 0.572510 0.065148 0.572998 0.062500 0.571533 0.059322 0.571045 0.061970 0.570557 0.061970 0.570312 0.060381 0.569824 0.061441 0.568848 0.059322 0.568359 0.059852 0.568115 0.062500 0.566895 0.062500
1 0.421631 0.059322 0.419922 0.059322 0.419922 0.061970 0.419189 0.063559 0.417969 0.063559 0.417969 0.067267 0.421875 0.067267
1 0.399658 0.059322 0.395020 0.059322 0.395996 0.060381 0.395996 0.063030 0.397461 0.064619 0.396973 0.065678 0.396973 0.067267 0.396484 0.067797 0.396484 0.069386 0.398193 0.069386 0.398193 0.061441 0.399170 0.059852 0.399658 0.061970
1 0.526367 0.055085 0.525391 0.055085 0.525879 0.055614 0.525635 0.057203 0.525391 0.056144 0.524414 0.056144 0.524414 0.057733 0.525146 0.059322 0.525391 0.063030 0.525635 0.061970 0.525879 0.062500 0.525879 0.064619 0.524902 0.064619 0.525635 0.066208 0.524902 0.066737 0.524414 0.068326 0.524902 0.068856 0.524902 0.070445 0.525391 0.069915 0.525879 0.067267 0.527100 0.066737 0.527588 0.065678 0.527832 0.066737 0.527832 0.060911 0.527100 0.059852 0.527344 0.057733 0.526855 0.056144 0.526123 0.055614
1 0.252441 0.050318 0.252441 0.051907 0.253662 0.052436 0.254395 0.054025 0.253418 0.054025 0.253418 0.056144 0.253906 0.056674 0.253662 0.057733 0.254150 0.058792 0.255371 0.058792 0.255371 0.057203 0.254639 0.055085 0.255127 0.054555 0.253418 0.049788
1 0.319824 0.042373 0.320068 0.042903 0.318848 0.045021 0.318848 0.048199 0.318359 0.049258 0.320312 0.053496 0.320557 0.055085 0.321045 0.055085 0.321045 0.053496 0.321777 0.052436 0.321289 0.051377 0.321777 0.050318 0.321777 0.048199 0.321045 0.048199 0.320068 0.046081 0.320557 0.042903
1 0.268066 0.042373 0.268555 0.043962 0.267578 0.045551 0.267578 0.047140 0.268311 0.048199 0.268799 0.048199 0.269043 0.047140 0.269531 0.047669 0.269531 0.051377 0.268555 0.051377 0.268555 0.052966 0.269043 0.053496 0.269531 0.051377 0.270264 0.051377 0.269775 0.050318 0.270020 0.048729 0.268555 0.042373
1 0.487793 0.040784 0.487549 0.041843 0.486816 0.041843 0.486328 0.042903 0.487305 0.044492 0.487305 0.046081 0.488281 0.044492
1 0.592773 0.041843 0.593750 0.044492 0.593750 0.042903 0.596191 0.042903 0.594727 0.042373 0.594482 0.039195 0.593262 0.039195 0.593750 0.040784 0.593018 0.040784 0.593262 0.041314
1 0.253174 0.040784 0.253906 0.042373 0.254639 0.041843 0.254883 0.043432 0.255859 0.043432 0.256348 0.042373 0.256348 0.039725 0.256104 0.040254 0.254395 0.039195 0.253662 0.041314
1 0.399414 0.031250 0.398926 0.033898 0.399414 0.037606 0.398682 0.039195 0.397949 0.038136 0.398438 0.039725 0.397705 0.041314 0.396973 0.040254 0.396484 0.041843 0.397949 0.041843 0.398926 0.039725 0.399658 0.039725 0.400146 0.041843 0.399658 0.042903 0.398926 0.042903 0.398682 0.044492 0.397461 0.044492 0.396729 0.050847 0.395508 0.050847 0.394287 0.048199 0.394043 0.045551 0.393066 0.046610 0.393066 0.048199 0.394043 0.050847 0.394043 0.052436 0.393066 0.052966 0.393066 0.055614 0.394043 0.056144 0.393555 0.057733 0.394287 0.057733 0.394531 0.056674 0.398193 0.056674 0.398438 0.057733 0.400146 0.057733 0.400146 0.056144 0.400635 0.055614 0.400146 0.051907 0.398682 0.051377 0.398926 0.050318 0.400146 0.050318 0.400146 0.048729 0.400635 0.048199 0.400146 0.046610 0.400146 0.044492 0.400879 0.042373 0.400879 0.039725 0.399658 0.037076 0.399902 0.032839
1 0.526855 0.029661 0.526367 0.030720 0.526367 0.033369 0.527344 0.033898 0.527588 0.036547 0.527832 0.035487 0.528564 0.035487 0.528564 0.031780 0.527344 0.031780
1 0.339844 0.027542 0.339844 0.030720 0.341309 0.031780 0.340820 0.032839 0.341309 0.033898 0.340820 0.034958 0.340820 0.036547 0.341553 0.036547 0.341797 0.035487 0.342285 0.036547 0.342529 0.034958 0.341309 0.033369 0.341309 0.029661 0.341797 0.028602 0.343018 0.030720 0.342773 0.028602 0.342041 0.029131 0.341309 0.027542 0.341064 0.028602 0.340576 0.027542
1 0.333984 0.027542 0.334473 0.032309 0.335693 0.032309 0.335693 0.028602 0.334473 0.028602
1 0.256104 0.026483 0.258301 0.031250 0.260010 0.031250 0.260498 0.032309 0.262451 0.033369 0.264160 0.032839 0.264160 0.031780 0.264648 0.031250 0.263672 0.028602 0.263184 0.028602 0.262939 0.029661 0.261719 0.029661 0.260254 0.027542 0.260254 0.029131 0.259277 0.030720 0.259033 0.029661 0.258057 0.029661 0.257080 0.028072 0.257568 0.026483 0.257080 0.027542
1 0.488525 0.001059 0.486816 0.002119 0.486328 0.003708 0.487549 0.003708 0.488281 0.005297 0.488281 0.006356 0.488770 0.004767 0.488281 0.003708 0.489014 0.002119
1 0.380859 0.000000 0.380859 0.001589 0.381592 0.003178 0.381348 0.004767 0.381836 0.003708 0.382812 0.006886 0.384277 0.007945 0.384277 0.006886 0.382324 0.004767 0.382324 0.001059 0.381836 0.000000
2 0.992920 0.879237 0.988770 0.854343 0.981934 0.844809 0.988281 0.819915 0.972656 0.803496 0.967529 0.765360 0.922363 0.649364 0.891846 0.627119 0.890869 0.619703 0.886963 0.629237 0.878906 0.627119 0.882812 0.623411 0.879883 0.615996 0.859375 0.602225 0.824707 0.619174 0.848145 0.627119 0.792725 0.629767 0.789062 0.681674 0.782227 0.695445 0.781006 0.709216 0.759766 0.732521 0.756104 0.769597 0.759521 0.782839 0.755371 0.797140 0.755127 0.827860 0.737305 0.885064 0.733398 0.925318 0.738037 0.938559 0.761963 0.964513 0.801025 0.961335 0.813965 0.953919 0.828613 0.959746 0.859131 0.945975 0.914795 0.947564 0.932373 0.935911 0.970703 0.931144 0.978516 0.921081 0.976562 0.902013 0.991943 0.888242
