0 0.463623 0.872352 0.463379 0.872881 0.463623 0.873411 0.463623 0.873941 0.464111 0.875000 0.464111 0.875530 0.466553 0.880826 0.466797 0.880826 0.467529 0.882415 0.467529 0.882945 0.468750 0.885593 0.468994 0.885064 0.468994 0.884534 0.468262 0.882945 0.468262 0.882415 0.466309 0.878178 0.466309 0.877648 0.465820 0.876589 0.465820 0.876059 0.465332 0.875000 0.465332 0.874470 0.465088 0.873941 0.464844 0.873941 0.464355 0.872881 0.463867 0.872881
0 0.548096 0.209746 0.539062 0.216102 0.532959 0.234110 0.537354 0.250530 0.533936 0.268538 0.510986 0.280720 0.475098 0.332097 0.474854 0.387182 0.486084 0.430085 0.485840 0.484640 0.488770 0.496822 0.491211 0.486758 0.494629 0.490996 0.490723 0.510593 0.495117 0.515360 0.493408 0.508475 0.498291 0.506356 0.521240 0.525424 0.535889 0.570975 0.519531 0.585805 0.491211 0.575212 0.487549 0.529661 0.479004 0.614936 0.485352 0.763242 0.514893 0.928496 0.512207 0.941737 0.498535 0.909958 0.516113 0.966631 0.508545 0.970869 0.502686 0.961335 0.524170 0.999470 0.531250 0.999470 0.532715 0.987818 0.534668 0.994703 0.523926 0.930085 0.528076 0.895657 0.522461 0.924258 0.514893 0.904661 0.525391 0.856462 0.508545 0.867055 0.501709 0.838453 0.526123 0.820445 0.526855 0.845339 0.546143 0.702860 0.551270 0.701271 0.552490 0.727754 0.544434 0.795021 0.556641 0.699153 0.567383 0.686441 0.584961 0.702860 0.597656 0.696504 0.600098 0.664195 0.615723 0.654131 0.615234 0.636123 0.629150 0.598517 0.593994 0.509004 0.597656 0.494703 0.591064 0.460275 0.594482 0.440678 0.613525 0.428496 0.613525 0.372881 0.605469 0.349047 0.606445 0.319915 0.595459 0.307203 0.574463 0.242585
0 0.313965 0.195445 0.275146 0.313030 0.281250 0.355403 0.273438 0.421081 0.305908 0.439089 0.293701 0.547669 0.284912 0.562500 0.258301 0.554025 0.239014 0.532839 0.243408 0.498411 0.230957 0.478814 0.213379 0.475106 0.199707 0.498411 0.200195 0.521716 0.189941 0.548199 0.195801 0.592161 0.206787 0.601165 0.215820 0.635593 0.224121 0.637712 0.234619 0.615996 0.230469 0.587924 0.234619 0.573623 0.289307 0.578919 0.293945 0.595339 0.280762 0.618644 0.273193 0.664195 0.293945 0.695975 0.293213 0.717161 0.310791 0.740996 0.313477 0.769597 0.333984 0.792903 0.349609 0.775424 0.354492 0.738347 0.383545 0.733051 0.390869 0.744174 0.382812 0.800318 0.365479 0.796610 0.354004 0.811970 0.349854 0.864936 0.355957 0.883475 0.348145 0.918962 0.355713 0.948623 0.362549 0.924788 0.385498 0.917903 0.385254 0.881886 0.394287 0.873941 0.403564 0.836864 0.423096 0.845339 0.428711 0.869174 0.429443 0.841631 0.435303 0.842691 0.362549 0.681144 0.398682 0.732521 0.447998 0.841102 0.442139 0.817267 0.468018 0.778602 0.480957 0.807203 0.487061 0.878178 0.497559 0.908898 0.479004 0.796610 0.484619 0.792903 0.473145 0.657309 0.483643 0.522246 0.474854 0.525424 0.470459 0.550847 0.457520 0.552436 0.473633 0.526483 0.469482 0.454449 0.456055 0.427436 0.453613 0.359110 0.440430 0.325212 0.428467 0.317267 0.379150 0.346398 0.373535 0.377648 0.362549 0.385593 0.347656 0.342691 0.349121 0.306674 0.361572 0.275424 0.354004 0.236758 0.325684 0.190678
1 0.893555 0.910487 0.893311 0.909958 0.893066 0.909958 0.892090 0.907839 0.891602 0.907839 0.891357 0.907309 0.889648 0.907309 0.889404 0.907839 0.888916 0.907839 0.888672 0.908369 0.887939 0.908369 0.887695 0.908898 0.886719 0.908898 0.886475 0.909428 0.885742 0.909428 0.885498 0.909958 0.885010 0.909958 0.884766 0.910487 0.884277 0.910487 0.884033 0.911017 0.883789 0.911017 0.883545 0.911547 0.883545 0.913136 0.883789 0.913665 0.885254 0.913665 0.885498 0.914195 0.886963 0.914195 0.887207 0.913665 0.887939 0.913665 0.888184 0.913136 0.888916 0.913136 0.889160 0.912606 0.889893 0.912606 0.890137 0.912076 0.891357 0.912076 0.891602 0.911547 0.893311 0.911547 0.893555 0.911017
1 0.696533 0.612818 0.720947 0.664725 0.719727 0.682203 0.727295 0.711335 0.746338 0.717691 0.762451 0.692797 0.772705 0.693856 0.772217 0.702860 0.759521 0.711864 0.750732 0.745233 0.723145 0.788665 0.741211 0.824153 0.725586 0.876059 0.761230 0.907839 0.760986 0.932203 0.744873 0.970339 0.749023 0.984110 0.787354 0.999470 0.892578 0.994703 0.887451 0.977225 0.893066 0.956038 0.881592 0.946504 0.886719 0.928496 0.884033 0.920551 0.862549 0.921610 0.866211 0.913665 0.875732 0.915784 0.871338 0.907839 0.880127 0.895657 0.904297 0.904131 0.907715 0.918432 0.943359 0.961864 0.955566 0.994703 0.999756 0.988877 0.994141 0.959746 0.999756 0.946504 0.999756 0.908369 0.994385 0.897246 0.973877 0.902542 0.956299 0.873411 0.966797 0.867585 0.968750 0.844809 0.979980 0.825742 0.988037 0.831568 0.999756 0.818326 0.995850 0.775953 0.803955 0.453919 0.785889 0.451801 0.761230 0.467161 0.754883 0.501589 0.742920 0.524364 0.720947 0.544492 0.719238 0.576271
1 0.994629 0.102225 0.966553 0.118114 0.958984 0.130826 0.954834 0.170021 0.948730 0.188030 0.947998 0.220339 0.951660 0.230403 0.942383 0.243644 0.937500 0.265360 0.924072 0.295021 0.911377 0.305085 0.900879 0.298729 0.886963 0.316737 0.876709 0.343750 0.865723 0.329449 0.829346 0.359110 0.820557 0.377119 0.823486 0.406250 0.817139 0.428496 0.827637 0.449153 0.838135 0.456038 0.846436 0.478284 0.889893 0.555085 0.995850 0.724047 0.999756 0.721398 0.997070 0.709746 0.999756 0.695445 0.999756 0.344809 0.994385 0.344809 0.983887 0.370763 0.959229 0.363877 0.939209 0.389831 0.925537 0.426377 0.914551 0.414725 0.898438 0.411547 0.905273 0.378708 0.915283 0.358581 0.920166 0.335805 0.931641 0.328919 0.935059 0.314619 0.946045 0.305614 0.946289 0.295021 0.957275 0.300318 0.966797 0.293432 0.981934 0.261123 0.993896 0.253708 0.999756 0.230403 0.999756 0.200742 0.996826 0.196504 0.999756 0.142479 0.995361 0.140360 0.999756 0.133475 0.999756 0.108581
1 0.972656 0.950212 0.972412 0.949682 0.972168 0.949682 0.971924 0.949153 0.970703 0.949153 0.970459 0.948623 0.970215 0.949153 0.969727 0.949153 0.969238 0.950212 0.969238 0.950742 0.968994 0.951271 0.968994 0.952331 0.968750 0.952860 0.968750 0.953390 0.968994 0.953919 0.970703 0.953919 0.970947 0.953390 0.971191 0.953390 0.971436 0.952860 0.971680 0.952860 0.972168 0.951801 0.972168 0.951271
1 0.980469 0.942267 0.980713 0.942797 0.981445 0.942797 0.981689 0.943326 0.982666 0.943326 0.982910 0.943856 0.983643 0.943856 0.983887 0.944386 0.984619 0.944386 0.984863 0.943856 0.986084 0.943856 0.986328 0.943326 0.986816 0.943326 0.987061 0.942797 0.987061 0.942267 0.986816 0.941737 0.985840 0.941737 0.985596 0.941208 0.981201 0.941208 0.980957 0.941737 0.980713 0.941737
1 0.966797 0.926907 0.966797 0.928496 0.967041 0.929025 0.967041 0.930085 0.967285 0.930614 0.967285 0.932203 0.967529 0.932733 0.967529 0.933792 0.967773 0.934322 0.967773 0.934852 0.968262 0.935911 0.968994 0.935911 0.969238 0.936441 0.970703 0.936441 0.970947 0.935911 0.971680 0.935381 0.972168 0.934322 0.972412 0.934322 0.972900 0.933263 0.973145 0.933263 0.973877 0.932203 0.976318 0.932203 0.976562 0.932733 0.981689 0.932733 0.981934 0.932203 0.982666 0.932203 0.982910 0.931674 0.982910 0.931144 0.982666 0.930614 0.982422 0.929025 0.981934 0.927966 0.981445 0.927966 0.981201 0.927436 0.980225 0.927436 0.979980 0.927966 0.979248 0.928496 0.978516 0.930085 0.978271 0.930085 0.978027 0.930614 0.977539 0.930614 0.977295 0.931144 0.973877 0.931144 0.972412 0.927966 0.972168 0.926377 0.971436 0.924788 0.971191 0.924788 0.970459 0.923729 0.968750 0.923729 0.968506 0.924258 0.967285 0.924258 0.967041 0.924788 0.967041 0.926377
1 0.886963 0.462394 0.886475 0.463453 0.886475 0.463983 0.886719 0.464513 0.886719 0.468750 0.886475 0.469280 0.886475 0.470869 0.886230 0.471398 0.886230 0.472458 0.885986 0.472987 0.885986 0.474047 0.886230 0.474576 0.886475 0.474576 0.886719 0.475106 0.887207 0.475106 0.887451 0.475636 0.887939 0.475636 0.888184 0.476165 0.888672 0.476165 0.888916 0.476695 0.889404 0.476695 0.889648 0.477225 0.889648 0.477754 0.889893 0.478284 0.889893 0.478814 0.890137 0.479343 0.890381 0.479343 0.890869 0.478284 0.890869 0.477754 0.891357 0.476695 0.891357 0.475636 0.891602 0.475106 0.891602 0.472987 0.891113 0.471928 0.891113 0.471398 0.890869 0.470869 0.890869 0.470339 0.890381 0.469280 0.889648 0.469280 0.889404 0.468750 0.889160 0.468750 0.888916 0.468220 0.888672 0.468220 0.887939 0.466631 0.888184 0.466102 0.888184 0.463453 0.887939 0.462924 0.887451 0.462924 0.887207 0.462394
1 0.699219 0.605403 0.698242 0.619174 0.721436 0.664725 0.719971 0.681144 0.726318 0.709746 0.746338 0.717161 0.761963 0.691737 0.773682 0.692267 0.772217 0.704979 0.760742 0.710275 0.749512 0.747881 0.723145 0.789725 0.741211 0.823093 0.726318 0.876059 0.761475 0.907309 0.761475 0.932203 0.744873 0.970869 0.748535 0.981992 0.788818 0.999470 0.888184 0.995233 0.877197 0.953390 0.880615 0.938030 0.861328 0.922669 0.885010 0.893008 0.905029 0.902013 0.956055 0.979343 0.974609 0.994174 0.969238 0.984110 0.971680 0.970339 0.967285 0.966631 0.968262 0.955508 0.952393 0.939089 0.967041 0.914725 0.956055 0.890360 0.955322 0.872881 0.973633 0.818326 0.984131 0.811441 0.995605 0.820445 0.994873 0.807203 0.988770 0.799788 0.995117 0.787606 0.979736 0.782839 0.987793 0.759534 0.845459 0.522246 0.839355 0.525424 0.832031 0.566737 0.827148 0.563030 0.826416 0.577860 0.817383 0.585805 0.813965 0.571504 0.817383 0.548199 0.826416 0.537606 0.829346 0.521716 0.839111 0.515360 0.807373 0.458686 0.787109 0.452331 0.762207 0.467161 0.756836 0.480403 0.756836 0.497881 0.743408 0.524364 0.720703 0.546081 0.718750 0.578919
1 0.866455 0.390360 0.866699 0.390890 0.869141 0.390890 0.869385 0.391419 0.870361 0.391419 0.870605 0.390890 0.873535 0.390890 0.873779 0.390360 0.873535 0.389831 0.873291 0.389831 0.873047 0.389301 0.872314 0.389301 0.872070 0.388771 0.871582 0.388771 0.870605 0.386653 0.870361 0.386653 0.870117 0.386123 0.868896 0.386123 0.868652 0.386653 0.868408 0.386653 0.867188 0.389301 0.866943 0.389301
1 0.859131 0.490996 0.862305 0.494174 0.862793 0.503178 0.874023 0.514831 0.880615 0.536547 0.911377 0.590042 0.977051 0.695975 0.987549 0.706038 0.992676 0.716631 0.996094 0.717161 0.993164 0.706568 0.995605 0.703390 0.997559 0.689089 0.999756 0.688030 0.999756 0.669492 0.997803 0.668432 0.997559 0.653072 0.999756 0.651483 0.999756 0.500530 0.997803 0.498941 0.999756 0.494174 0.997559 0.490996 0.999756 0.488347 0.999756 0.352754 0.994629 0.350106 0.990723 0.356462 0.987549 0.369703 0.984131 0.373411 0.973877 0.375530 0.963379 0.364936 0.942871 0.387182 0.929688 0.425318 0.921143 0.434322 0.914551 0.433263 0.911377 0.439089 0.913086 0.443326 0.910400 0.456038 0.911133 0.462924 0.908936 0.474047 0.900879 0.481462 0.897461 0.478284 0.894043 0.487818 0.888184 0.481462 0.883057 0.480932 0.866211 0.498411 0.863281 0.495763 0.863037 0.490466
1 0.869629 0.336335 0.861084 0.336864 0.852783 0.341631 0.848877 0.345339 0.843994 0.353814 0.827881 0.368644 0.824463 0.376059 0.823486 0.384004 0.824707 0.388771 0.829102 0.393538 0.824707 0.395657 0.824463 0.398305 0.827881 0.399894 0.828369 0.401483 0.826904 0.407309 0.824707 0.408898 0.820312 0.417903 0.819580 0.421610 0.820557 0.432203 0.825684 0.439619 0.827881 0.446504 0.830078 0.445975 0.830811 0.441737 0.834961 0.439089 0.835693 0.435381 0.837891 0.431674 0.836670 0.425318 0.833984 0.421610 0.838623 0.417903 0.837646 0.414725 0.837891 0.410487 0.839111 0.407839 0.838135 0.400424 0.842041 0.398835 0.845947 0.400953 0.847168 0.397775 0.845947 0.396186 0.841064 0.396186 0.839844 0.395127 0.839600 0.393008 0.847900 0.390890 0.848633 0.389831 0.847656 0.387712 0.848145 0.386123 0.849854 0.386123 0.850342 0.387182 0.849121 0.389831 0.852295 0.393538 0.858643 0.390360 0.864990 0.390360 0.858398 0.386123 0.854492 0.379767 0.849609 0.375530 0.852051 0.369703 0.862793 0.371292 0.865723 0.361229 0.869629 0.359640 0.870605 0.353814 0.873291 0.346398 0.873047 0.342691
1 0.747070 0.994703 0.745117 0.989407 0.741211 0.985169 0.738281 0.988877 0.736328 0.989936 0.733643 0.989936 0.731689 0.987818 0.727783 0.977754 0.723877 0.973517 0.723633 0.963453 0.720459 0.959216 0.716553 0.959746 0.714111 0.963983 0.713379 0.967691 0.710938 0.963983 0.706299 0.963983 0.699463 0.969280 0.697021 0.972458 0.691162 0.976165 0.688965 0.978814 0.683594 0.989936 0.681396 0.992055 0.678223 0.992585 0.677246 0.993644 0.676758 0.995763 0.677002 0.999470 0.746338 0.999470
