0 0.049561 0.000000 0.050049 0.030720 0.091797 0.050847 0.112061 0.131356 0.088379 0.132945 0.074951 0.190678 0.046875 0.205508 0.037354 0.244174 0.041748 0.327331 0.000000 0.333157 0.000000 0.501059 0.011475 0.520127 0.000000 0.543432 0.000000 0.999470 0.251709 0.999470 0.259766 0.974047 0.296631 0.975636 0.356934 0.884534 0.375977 0.917373 0.381592 0.999470 0.576904 0.999470 0.590088 0.972458 0.605469 0.999470 0.773926 0.999470 0.780029 0.983051 0.789307 0.999470 0.933350 0.999470 0.936523 0.957627 0.974854 0.932733 0.970703 0.903072 0.999756 0.894597 0.999756 0.029661 0.988525 0.016949 0.937744 0.084216 0.900879 0.052436 0.903076 0.000000 0.810303 0.000000 0.788330 0.056144 0.753662 0.081038 0.738037 0.174258 0.720703 0.187500 0.688721 0.173199 0.703125 0.131886 0.692383 0.089513 0.660889 0.051907 0.656006 0.000000 0.504639 0.000000 0.495850 0.094809 0.508057 0.129237 0.502686 0.164195 0.487549 0.176377 0.443848 0.154131 0.435303 0.085805 0.401855 0.044492 0.395264 0.000000
1 0.999756 0.906780 0.996338 0.905191 0.993896 0.902013 0.989746 0.900424 0.975098 0.900953 0.970703 0.903602 0.970215 0.915254 0.973389 0.921081 0.975098 0.928496 0.975342 0.935911 0.974365 0.941208 0.969971 0.951801 0.965332 0.955508 0.941895 0.955508 0.937744 0.962924 0.936035 0.977754 0.941162 0.988877 0.942627 0.999470 0.999756 0.999470
2 0.395508 0.972458 0.395508 0.974047 0.395020 0.974576 0.395020 0.977225 0.394531 0.978284 0.394531 0.980403 0.393555 0.981992 0.393311 0.981462 0.394043 0.983581 0.394287 0.982521 0.394775 0.982521 0.395996 0.985169 0.395752 0.986229 0.395264 0.985699 0.395752 0.986758 0.396240 0.985699 0.396973 0.987288 0.397217 0.989407 0.399170 0.991525 0.402344 0.996292 0.403076 0.996822 0.402588 0.995763 0.402832 0.995233 0.404053 0.995233 0.404297 0.996822 0.404785 0.996292 0.404297 0.995763 0.404541 0.995233 0.405518 0.995233 0.406250 0.997352 0.406006 0.997881 0.405518 0.997352 0.405273 0.997881 0.404053 0.997881 0.403809 0.997352 0.404297 0.998411 0.404297 0.999470 0.406250 0.999470 0.406006 0.998941 0.406250 0.997352 0.407471 0.997352 0.407471 0.995763 0.406250 0.995763 0.406006 0.995233 0.406006 0.992055 0.405518 0.992585 0.403320 0.992585 0.403076 0.991525 0.404053 0.990996 0.404053 0.988347 0.404785 0.986758 0.406494 0.986758 0.406982 0.985699 0.406982 0.983581 0.406494 0.981992 0.407715 0.980403 0.406738 0.979873 0.406494 0.980932 0.405273 0.980932 0.405273 0.981462 0.405518 0.980932 0.405762 0.981462 0.405518 0.983051 0.405273 0.982521 0.404297 0.983051 0.403076 0.986229 0.402344 0.986229 0.401855 0.983051 0.401611 0.983581 0.400146 0.982521 0.400635 0.981462 0.400635 0.979873 0.402588 0.976695 0.402832 0.975636 0.402100 0.974576 0.402344 0.972987 0.402100 0.973517 0.401367 0.972987 0.401367 0.974047 0.401855 0.974047 0.402344 0.975106 0.402344 0.977225 0.402100 0.977754 0.400879 0.977754 0.400635 0.978814 0.399902 0.978814 0.399658 0.979873 0.398682 0.979873 0.398193 0.978814 0.398193 0.976695 0.399414 0.974047 0.398438 0.974576 0.398193 0.976695 0.397461 0.976695 0.397217 0.976165 0.397217 0.973517 0.396729 0.972458
2 0.487793 0.942797 0.487793 0.943326 0.487549 0.943856 0.487305 0.943856 0.487305 0.944386 0.487061 0.944915 0.486328 0.944915 0.486328 0.946504 0.486816 0.946504 0.487305 0.947564 0.487305 0.948093 0.486816 0.949153 0.486816 0.950742 0.487305 0.951801 0.487305 0.951271 0.487549 0.950742 0.487793 0.951271 0.487793 0.951801 0.488525 0.951801 0.488525 0.951271 0.489014 0.950212 0.489014 0.945445 0.488525 0.944386 0.488525 0.943856 0.488281 0.943856 0.488037 0.943326 0.488037 0.942797
2 0.444824 0.915254 0.444824 0.917903 0.445068 0.917903 0.445068 0.916843 0.445557 0.915784 0.445801 0.916314 0.445801 0.916843 0.446045 0.916843 0.446289 0.917373 0.446289 0.917903 0.446533 0.917903 0.446777 0.918432 0.446777 0.920021 0.447021 0.920021 0.447266 0.920551 0.447266 0.921081 0.447510 0.921081 0.447754 0.921610 0.447754 0.923199 0.448486 0.923199 0.448730 0.923729 0.448730 0.925318 0.448486 0.925847 0.447754 0.925847 0.447754 0.927436 0.447998 0.927436 0.448242 0.927966 0.448242 0.931144 0.448486 0.931674 0.448486 0.932733 0.448730 0.933263 0.448730 0.939619 0.448975 0.940148 0.448975 0.937500 0.449219 0.936970 0.449463 0.936970 0.449463 0.936441 0.449707 0.935911 0.449951 0.935911 0.449951 0.934322 0.450195 0.933792 0.450439 0.933792 0.450439 0.932203 0.450195 0.932203 0.449951 0.931674 0.449951 0.930085 0.450195 0.929555 0.450928 0.929555 0.450928 0.929025 0.451172 0.928496 0.451416 0.928496 0.451416 0.927966 0.451172 0.927966 0.450928 0.927436 0.450928 0.926907 0.450684 0.926907 0.450439 0.926377 0.450439 0.925847 0.450195 0.925847 0.449951 0.925318 0.449951 0.924258 0.450439 0.923199 0.450684 0.923199 0.450928 0.922669 0.450928 0.921610 0.450684 0.921610 0.450439 0.921081 0.450439 0.920551 0.450195 0.920551 0.449951 0.920021 0.449951 0.919492 0.449219 0.919492 0.449219 0.920021 0.448975 0.920551 0.448242 0.920551 0.447998 0.920021 0.447998 0.918432 0.447754 0.918432 0.447510 0.917903 0.447510 0.914195 0.447266 0.914195 0.447266 0.914725 0.447021 0.915254
2 0.373047 0.906250 0.373047 0.907839 0.375488 0.916843 0.377686 0.938559 0.379883 0.948623 0.381836 0.952331 0.383301 0.957097 0.383545 0.955508 0.381592 0.951271 0.382568 0.950742 0.383789 0.952860 0.385010 0.952860 0.385254 0.953919 0.386475 0.953919 0.386475 0.952331 0.384766 0.952331 0.384521 0.949153 0.383789 0.949153 0.383057 0.947034 0.382568 0.949153 0.381104 0.948623 0.383301 0.943326 0.384521 0.943326 0.385010 0.942267 0.385010 0.941208 0.384277 0.940148 0.385254 0.938030 0.385254 0.936441 0.384277 0.936441 0.384277 0.939089 0.383545 0.940678 0.382812 0.940678 0.382568 0.939619 0.383301 0.938559 0.383057 0.936970 0.383545 0.935911 0.381836 0.935381 0.381592 0.932733 0.380859 0.931674 0.380615 0.932203 0.379883 0.930085 0.380371 0.931144 0.379883 0.931674 0.379883 0.938030 0.381104 0.938030 0.381348 0.940148 0.382812 0.940678 0.382812 0.942267 0.381348 0.942797 0.380615 0.940678 0.379883 0.941737 0.379150 0.940148 0.379150 0.938559 0.378418 0.939619 0.377686 0.938030 0.378662 0.934852 0.378662 0.931144 0.379639 0.928496 0.379883 0.924258 0.380371 0.923199 0.381104 0.924258 0.381104 0.927966 0.381592 0.929555 0.381104 0.923729 0.379883 0.922669 0.378906 0.920021 0.377197 0.917903 0.377686 0.915254 0.378662 0.914195 0.380859 0.921081 0.380859 0.916843 0.381592 0.915254 0.380615 0.912076 0.380615 0.909428 0.379395 0.908898 0.378906 0.906780 0.378418 0.909958 0.377930 0.906780 0.377441 0.913665 0.376953 0.914195 0.376465 0.912076 0.376465 0.913665 0.375732 0.915254 0.375244 0.912606 0.375732 0.911017 0.375000 0.911017 0.375244 0.908898 0.374756 0.905720 0.374023 0.905191
2 0.376465 0.895127 0.376465 0.895657 0.376221 0.896186 0.375488 0.896186 0.375488 0.897775 0.375244 0.898305 0.375000 0.897775 0.374756 0.898305 0.374268 0.898305 0.374512 0.898835 0.374512 0.899364 0.374756 0.899364 0.375000 0.899894 0.375000 0.902542 0.375488 0.903602 0.375488 0.904131 0.375732 0.904131 0.375977 0.904661 0.375977 0.905191 0.376221 0.905191 0.376465 0.905720 0.376465 0.906250 0.376709 0.906250 0.376953 0.906780 0.376953 0.907309 0.377197 0.907309 0.376953 0.906780 0.377197 0.906250 0.377441 0.906250 0.377197 0.905720 0.377197 0.904661 0.377441 0.904131 0.377686 0.904131 0.377686 0.901483 0.377930 0.900953 0.378174 0.900953 0.378174 0.900424 0.377930 0.900424 0.377686 0.899894 0.377686 0.899364 0.377441 0.899364 0.377197 0.898835 0.377686 0.897775 0.377686 0.897246 0.377441 0.896716 0.377441 0.896186 0.376953 0.895127 0.376709 0.895657
2 0.484375 0.870763 0.484375 0.872352 0.484131 0.872881 0.483643 0.872352 0.482910 0.873411 0.482910 0.877119 0.483398 0.878178 0.483398 0.880826 0.483887 0.881886 0.483887 0.885593 0.483643 0.886123 0.483643 0.889301 0.484131 0.889301 0.484375 0.889831 0.484131 0.890890 0.483398 0.890890 0.483398 0.895127 0.483887 0.896186 0.483887 0.896716 0.484375 0.897246 0.483887 0.898305 0.483643 0.898305 0.483643 0.899894 0.483887 0.900953 0.484375 0.901483 0.484375 0.904131 0.483887 0.904661 0.483643 0.906250 0.484131 0.906250 0.484619 0.908369 0.485352 0.908369 0.485596 0.908898 0.485596 0.907839 0.486084 0.907309 0.486084 0.906780 0.484375 0.906780 0.484131 0.905720 0.484375 0.905191 0.485107 0.905191 0.485107 0.903602 0.485596 0.903072 0.485596 0.902542 0.486084 0.902013 0.486084 0.901483 0.486572 0.900953 0.486816 0.899894 0.488525 0.899894 0.488525 0.899364 0.488281 0.898835 0.487793 0.899364 0.486328 0.899364 0.486084 0.898835 0.486572 0.897775 0.487549 0.897775 0.487549 0.897246 0.487061 0.896716 0.487061 0.895127 0.486816 0.895127 0.486572 0.894068 0.486328 0.894068 0.486084 0.895127 0.485596 0.894597 0.485596 0.893008 0.486084 0.892479 0.486084 0.890360 0.485596 0.888771 0.485596 0.886653 0.486084 0.885593 0.486084 0.881356 0.485352 0.881356 0.485107 0.880826 0.485107 0.878178 0.484619 0.877648 0.484619 0.875000 0.484131 0.874470 0.484131 0.872881 0.484375 0.872352 0.485107 0.872352 0.485107 0.871822 0.484863 0.871822 0.484619 0.870763
2 0.367920 0.823623 0.367676 0.824153 0.367676 0.826801 0.368164 0.827860 0.368164 0.828390 0.368408 0.828919 0.368408 0.829449 0.368652 0.829979 0.367920 0.831568 0.367676 0.831568 0.367920 0.832097 0.367920 0.832627 0.367676 0.833157 0.367676 0.833686 0.367432 0.834216 0.366943 0.833157 0.366943 0.831038 0.367188 0.830508 0.367432 0.830508 0.367432 0.828919 0.367188 0.828390 0.366943 0.828390 0.366699 0.827860 0.366455 0.827860 0.365967 0.826801 0.365967 0.825212 0.365723 0.825212 0.365723 0.826801 0.365967 0.826801 0.366211 0.827331 0.366211 0.831568 0.366699 0.832627 0.366699 0.834216 0.367188 0.835275 0.367188 0.836864 0.367432 0.837394 0.367432 0.836864 0.367676 0.836335 0.368408 0.836335 0.368408 0.832627 0.368896 0.831568 0.368896 0.830508 0.369141 0.829979 0.369141 0.828919 0.368896 0.828390 0.368896 0.827860 0.368652 0.827331 0.368652 0.826801 0.368408 0.826271 0.368408 0.825742 0.368164 0.825212 0.368164 0.824153
2 0.788330 0.824153 0.788574 0.831568 0.791504 0.845339 0.806885 0.876059 0.810059 0.886653 0.815918 0.900424 0.823730 0.933792 0.827881 0.945975 0.829834 0.948623 0.830811 0.954449 0.836182 0.967691 0.838867 0.977225 0.837646 0.972458 0.838623 0.973517 0.839600 0.971928 0.839111 0.974576 0.840576 0.974047 0.840820 0.977225 0.842285 0.975106 0.843506 0.976165 0.842529 0.974047 0.843262 0.971928 0.845459 0.972987 0.846436 0.969809 0.844971 0.964513 0.844971 0.960805 0.846191 0.960275 0.845703 0.957627 0.847656 0.960805 0.847656 0.964513 0.848877 0.964513 0.843750 0.945445 0.844482 0.952331 0.843262 0.951271 0.842285 0.953390 0.840576 0.950742 0.841553 0.947034 0.840332 0.943856 0.839844 0.931144 0.840332 0.928496 0.841797 0.929555 0.842285 0.927436 0.840088 0.923729 0.839111 0.918432 0.833252 0.908898 0.825928 0.889831 0.824463 0.888771 0.825195 0.887182 0.815918 0.869174 0.812988 0.859110 0.808594 0.850106 0.808350 0.841102 0.807617 0.840572 0.808105 0.842691 0.806152 0.844280 0.806641 0.849047 0.805176 0.849576 0.805176 0.843750 0.807129 0.840042 0.805420 0.837924 0.807129 0.835275 0.800293 0.826271 0.800293 0.828390 0.799561 0.826801 0.795898 0.827860 0.796143 0.822034 0.794434 0.817797
2 0.750244 0.824153 0.756836 0.841102 0.759521 0.851695 0.766113 0.862818 0.777588 0.888771 0.784424 0.910487 0.796875 0.938559 0.801270 0.943326 0.803467 0.952331 0.811035 0.963453 0.811035 0.969809 0.812012 0.972987 0.814941 0.973517 0.814453 0.978814 0.816406 0.977754 0.815430 0.981992 0.818848 0.989936 0.820557 0.987818 0.822754 0.992055 0.825439 0.990996 0.823975 0.987818 0.823975 0.979873 0.822021 0.978284 0.823486 0.977225 0.822021 0.974576 0.824707 0.977225 0.826660 0.975106 0.825684 0.972987 0.824219 0.975636 0.823975 0.972458 0.824463 0.971398 0.824707 0.973517 0.824951 0.971398 0.822754 0.967691 0.821533 0.973517 0.820068 0.971928 0.821533 0.967691 0.821533 0.963983 0.822266 0.965572 0.822021 0.958686 0.823486 0.958686 0.810059 0.933792 0.793457 0.892479 0.758057 0.817797 0.757568 0.822564 0.756348 0.818856 0.755859 0.821504 0.756836 0.822564 0.755371 0.823093 0.754150 0.818856 0.752686 0.824153
2 0.485107 0.806144 0.484863 0.806144 0.484863 0.806674 0.485352 0.807733 0.484619 0.809322 0.484619 0.810381 0.484131 0.811441 0.484131 0.811970 0.483398 0.813030 0.483643 0.813030 0.483887 0.813559 0.483887 0.814619 0.484131 0.815148 0.483887 0.815678 0.483887 0.820975 0.484131 0.821504 0.483643 0.823093 0.483887 0.823623 0.483887 0.825742 0.484131 0.826271 0.484131 0.827331 0.483398 0.828919 0.483398 0.829449 0.483887 0.830508 0.483887 0.838453 0.484375 0.838453 0.484863 0.837394 0.485107 0.837394 0.485107 0.835805 0.484863 0.835805 0.484863 0.836335 0.484619 0.836864 0.484375 0.836864 0.484131 0.836335 0.484619 0.834746 0.484619 0.831038 0.485107 0.829979 0.485596 0.829979 0.485840 0.830508 0.485840 0.832097 0.485596 0.832627 0.485352 0.832627 0.485352 0.834216 0.486328 0.834216 0.486572 0.833686 0.486816 0.834216 0.486816 0.834746 0.486816 0.825742 0.487061 0.825212 0.487061 0.820445 0.486816 0.819915 0.486816 0.818326 0.487061 0.817797 0.487061 0.816737 0.487549 0.815678 0.487549 0.815148 0.487793 0.814619 0.487793 0.813559 0.488281 0.812500 0.488281 0.809322 0.488281 0.811970 0.488037 0.812500 0.487793 0.811970 0.487793 0.811441 0.486572 0.811441 0.485596 0.808792 0.485596 0.807203 0.485352 0.807203 0.485107 0.806674
2 0.457031 0.782309 0.456543 0.782839 0.457031 0.784428 0.454346 0.788136 0.453125 0.787076 0.455078 0.783898 0.454102 0.782839 0.453613 0.784958 0.452637 0.783898 0.452637 0.782309 0.452148 0.786547 0.452637 0.788665 0.451660 0.791843 0.451660 0.796081 0.451172 0.796610 0.450439 0.804025 0.450684 0.807733 0.451660 0.809322 0.451660 0.811970 0.450684 0.813559 0.450195 0.811441 0.450195 0.813030 0.449707 0.813559 0.449463 0.812500 0.449219 0.818326 0.448486 0.820445 0.448242 0.826801 0.447021 0.831568 0.446777 0.841631 0.446289 0.842691 0.446289 0.846928 0.447266 0.847458 0.447266 0.850106 0.446045 0.852754 0.444824 0.851695 0.445312 0.855932 0.443848 0.862288 0.443604 0.871822 0.442871 0.872881 0.442627 0.870763 0.442871 0.877648 0.442383 0.880297 0.443359 0.881886 0.443848 0.887182 0.445312 0.887712 0.444824 0.890360 0.445557 0.889301 0.446289 0.891419 0.447998 0.891419 0.449219 0.888242 0.452881 0.888242 0.453125 0.885064 0.453613 0.885593 0.453125 0.891419 0.453613 0.889301 0.454834 0.889301 0.455322 0.891419 0.454834 0.887712 0.456787 0.883475 0.456543 0.872881 0.455811 0.872352 0.455811 0.864407 0.457031 0.864407 0.457031 0.872352 0.457275 0.864407 0.456787 0.863877 0.456787 0.861229 0.457764 0.858051 0.456787 0.854873 0.458740 0.851165 0.459473 0.846398 0.458252 0.845869 0.457764 0.838983 0.458496 0.838453 0.459473 0.841102 0.459229 0.835805 0.459961 0.833157 0.460938 0.833157 0.461182 0.825212 0.460938 0.829979 0.459717 0.829979 0.459229 0.819915 0.459717 0.819386 0.459717 0.805085 0.460938 0.804555 0.460693 0.801907 0.461670 0.800318 0.460693 0.799258 0.461670 0.798199 0.460693 0.784958 0.458984 0.787076 0.457764 0.784428 0.457764 0.782839
2 0.344238 0.754237 0.344238 0.754767 0.344482 0.754767 0.344727 0.755297 0.344971 0.754767 0.345215 0.755297 0.345215 0.756886 0.344971 0.757415 0.344971 0.757945 0.345703 0.759534 0.345703 0.760064 0.346191 0.761123 0.346191 0.765360 0.346436 0.765890 0.346436 0.767479 0.347412 0.769597 0.347656 0.769597 0.348145 0.770657 0.348389 0.770657 0.348389 0.768008 0.348633 0.767479 0.348877 0.767479 0.349121 0.768008 0.349121 0.769597 0.349365 0.769597 0.349609 0.770127 0.350098 0.769068 0.350098 0.768538 0.349854 0.768008 0.349854 0.767479 0.348877 0.765360 0.348877 0.764831 0.348633 0.764831 0.348389 0.764301 0.348389 0.763242 0.348633 0.762712 0.348633 0.762182 0.348389 0.761653 0.348389 0.760593 0.347900 0.759534 0.347656 0.759534 0.347656 0.760064 0.347412 0.760593 0.346680 0.760593 0.346436 0.760064 0.346436 0.757415 0.345947 0.757415 0.345459 0.756356 0.345459 0.755297 0.345215 0.755297 0.344971 0.754767 0.344971 0.754237
2 0.456543 0.736758 0.456543 0.737288 0.456299 0.737818 0.456299 0.740466 0.456055 0.740996 0.456055 0.744174 0.456543 0.745233 0.456787 0.745233 0.457031 0.745763 0.457031 0.746292 0.456787 0.746822 0.456299 0.746822 0.456299 0.748941 0.456543 0.749470 0.456299 0.750000 0.456299 0.750530 0.456543 0.751059 0.456543 0.751589 0.456055 0.752648 0.456055 0.755297 0.456299 0.755297 0.456543 0.754767 0.456787 0.754767 0.457031 0.755297 0.457031 0.759004 0.456787 0.759534 0.456543 0.759534 0.456299 0.759004 0.456299 0.757945 0.456055 0.757415 0.455811 0.759004 0.456055 0.759534 0.456055 0.761123 0.456787 0.761123 0.457031 0.761653 0.457031 0.766419 0.456787 0.766949 0.456543 0.766949 0.456543 0.768538 0.456787 0.768538 0.456787 0.768008 0.457031 0.767479 0.457764 0.767479 0.457764 0.766949 0.458008 0.766419 0.458252 0.766419 0.458252 0.765890 0.458496 0.765360 0.458740 0.765360 0.458740 0.764831 0.458984 0.764301 0.459473 0.764301 0.459961 0.763242 0.460449 0.763242 0.460693 0.762712 0.460693 0.753178 0.460938 0.752648 0.461182 0.752648 0.461670 0.751589 0.461670 0.750530 0.461426 0.750530 0.461182 0.750000 0.460693 0.751059 0.460205 0.751059 0.459961 0.750530 0.459717 0.750530 0.458496 0.748941 0.458496 0.749470 0.458252 0.750000 0.458008 0.750000 0.457764 0.749470 0.457764 0.748411 0.457275 0.746822 0.457275 0.744174 0.456787 0.743114 0.456787 0.737288
2 0.449463 0.664195 0.449463 0.667903 0.451660 0.672140 0.451660 0.674258 0.452637 0.672140 0.453125 0.672669 0.453125 0.675318 0.452148 0.675847 0.451660 0.678496 0.452881 0.677436 0.453613 0.680614 0.455078 0.683792 0.455811 0.682733 0.456543 0.685381 0.455322 0.687500 0.455811 0.697564 0.456299 0.695445 0.456055 0.687500 0.456543 0.685911 0.458008 0.686441 0.458496 0.697564 0.456299 0.702860 0.457031 0.704449 0.457031 0.706568 0.456299 0.707627 0.456543 0.711335 0.456055 0.711864 0.456055 0.714513 0.456543 0.716631 0.455566 0.720339 0.456055 0.725106 0.458008 0.727225 0.458984 0.727225 0.461182 0.723517 0.461426 0.725106 0.462402 0.725106 0.462646 0.721398 0.461182 0.721928 0.460693 0.720339 0.461182 0.719280 0.464355 0.720339 0.465088 0.717691 0.465088 0.712924 0.465576 0.711864 0.464600 0.710275 0.464600 0.705508 0.460693 0.704979 0.460693 0.691737 0.463135 0.691208 0.464355 0.694915 0.464355 0.702860 0.465576 0.702860 0.465576 0.700212 0.464600 0.698623 0.464600 0.695975 0.465088 0.695445 0.464600 0.694386 0.464600 0.691737 0.466064 0.690148 0.466797 0.692267 0.467529 0.692267 0.468018 0.691208 0.467773 0.688559 0.466309 0.688559 0.466064 0.687500 0.466553 0.686970 0.465820 0.687500 0.465088 0.685381 0.463623 0.687500 0.462646 0.686970 0.463135 0.684852 0.462402 0.683263 0.462402 0.681144 0.462402 0.682203 0.461914 0.682203 0.461670 0.677966 0.462402 0.676907 0.462402 0.674788 0.462402 0.676377 0.461914 0.676377 0.462158 0.670021 0.461670 0.670021 0.461914 0.671081 0.461182 0.672140 0.460693 0.670551 0.458496 0.670551 0.456787 0.672669 0.455811 0.671610 0.453125 0.671610 0.452637 0.669492 0.452881 0.666314 0.451660 0.665254 0.452637 0.670021 0.451172 0.670551 0.449951 0.668962 0.449951 0.666314 0.450439 0.665784 0.450684 0.667903 0.450928 0.666314
2 0.459961 0.649364 0.459961 0.650953 0.459717 0.651483 0.459961 0.652013 0.459961 0.655191 0.459717 0.655720 0.459473 0.655720 0.459473 0.656250 0.459717 0.656250 0.459961 0.656780 0.459961 0.657309 0.459717 0.657839 0.459473 0.657839 0.459473 0.659428 0.459229 0.659958 0.458984 0.659958 0.458984 0.660487 0.459229 0.660487 0.459229 0.659958 0.459473 0.659428 0.459717 0.659428 0.459717 0.658898 0.459961 0.658369 0.461182 0.658369 0.461426 0.658898 0.461426 0.660487 0.461182 0.661017 0.460938 0.661017 0.460938 0.661547 0.462158 0.661547 0.462158 0.660487 0.461914 0.659958 0.461914 0.658898 0.461670 0.658369 0.461670 0.657839 0.460938 0.657839 0.460693 0.657309 0.460693 0.650953 0.460938 0.650424 0.461182 0.650424 0.460693 0.649364
2 0.811523 0.649364 0.811523 0.652013 0.811035 0.653072 0.811768 0.653072 0.812012 0.653602 0.812012 0.654131 0.812256 0.654131 0.812256 0.653602 0.812744 0.652542 0.812988 0.653072 0.812988 0.653602 0.813232 0.653072 0.813232 0.652542 0.813477 0.652013 0.814209 0.652013 0.814453 0.652542 0.814453 0.654131 0.814209 0.654661 0.813965 0.654661 0.813965 0.656250 0.813721 0.656780 0.813477 0.656780 0.813477 0.660487 0.813965 0.660487 0.814209 0.661017 0.813965 0.661547 0.814209 0.661547 0.814453 0.662076 0.814453 0.667373 0.814697 0.667373 0.814941 0.667903 0.814941 0.668432 0.815430 0.669492 0.815674 0.668962 0.815674 0.668432 0.815430 0.667903 0.815674 0.667373 0.815674 0.666314 0.815430 0.665784 0.815186 0.665784 0.814941 0.665254 0.814941 0.662606 0.815186 0.662076 0.815186 0.659958 0.814941 0.659428 0.814941 0.657839 0.814697 0.657309 0.814697 0.656780 0.814453 0.656250 0.814453 0.655720 0.814697 0.655191 0.814697 0.653602 0.814941 0.653072 0.815430 0.653072 0.815674 0.652542 0.815918 0.652542 0.814941 0.652542 0.814697 0.652013 0.814697 0.651483 0.814453 0.651483 0.814209 0.650953 0.814209 0.648305 0.813965 0.648305 0.813965 0.648835 0.813721 0.649364
2 0.816650 0.594280 0.815674 0.594280 0.815186 0.595869 0.815186 0.596928 0.815430 0.597458 0.815430 0.600636 0.814941 0.602225 0.814941 0.605403 0.814697 0.605932 0.814697 0.607521 0.814453 0.608051 0.814453 0.609640 0.814941 0.610699 0.814941 0.611758 0.814453 0.612288 0.814453 0.612818 0.813965 0.613877 0.813965 0.616525 0.814209 0.615996 0.814453 0.616525 0.814453 0.617585 0.814209 0.618114 0.813965 0.617585 0.814209 0.618114 0.813477 0.619174 0.813477 0.620763 0.813965 0.622881 0.813965 0.629767 0.813477 0.630826 0.813477 0.633475 0.812744 0.635593 0.812744 0.638242 0.812012 0.640360 0.812012 0.645127 0.812012 0.644597 0.812500 0.643538 0.813721 0.643538 0.813965 0.644597 0.814209 0.644597 0.814209 0.644068 0.814697 0.643538 0.814941 0.644068 0.814941 0.645657 0.815674 0.645657 0.815918 0.644597 0.816162 0.644597 0.816406 0.645657 0.816895 0.645127 0.816895 0.644068 0.817139 0.643538 0.817139 0.641419 0.817383 0.640890 0.817383 0.638242 0.817627 0.637712 0.817383 0.637182 0.817627 0.636653 0.817627 0.630297 0.818115 0.629237 0.818115 0.625000 0.818604 0.623941 0.818604 0.622881 0.819092 0.621822 0.819092 0.621292 0.818359 0.619703 0.818604 0.619174 0.818604 0.605932 0.819092 0.605403 0.819092 0.601695 0.819580 0.601165 0.819580 0.600636 0.819092 0.600106 0.819092 0.598517 0.818848 0.598517 0.818604 0.597458 0.818115 0.596928 0.818115 0.596398 0.817871 0.596398 0.817871 0.596928 0.817383 0.597458 0.817139 0.596928 0.817139 0.595339 0.816895 0.595339
2 0.817383 0.570975 0.817383 0.573623 0.817627 0.573623 0.817871 0.574153 0.817871 0.575742 0.817627 0.576271 0.817383 0.576271 0.817383 0.577860 0.817627 0.577860 0.817871 0.578390 0.817871 0.578919 0.819092 0.578919 0.819092 0.578390 0.819336 0.577860 0.820068 0.577860 0.819824 0.577331 0.819824 0.576801 0.820068 0.576271 0.820312 0.576801 0.820068 0.576271 0.820068 0.573093 0.818848 0.573093 0.818604 0.572564 0.818604 0.572034 0.818359 0.572034 0.818359 0.573623 0.818115 0.574153 0.817871 0.574153 0.817627 0.573623 0.817627 0.571504
2 0.827881 0.531780 0.827148 0.532839 0.827637 0.534428 0.827148 0.534958 0.826904 0.537076 0.825684 0.538665 0.825195 0.540254 0.825195 0.545021 0.824463 0.546610 0.823730 0.549788 0.822754 0.551907 0.822754 0.553496 0.823242 0.554555 0.822266 0.556674 0.822266 0.559322 0.822510 0.560381 0.822021 0.560911 0.822021 0.561970 0.820557 0.565148 0.820312 0.566737 0.819824 0.567797 0.819824 0.569386 0.819336 0.569915 0.819336 0.570445 0.820557 0.570445 0.820801 0.570975 0.820801 0.572564 0.821045 0.572564 0.821777 0.574682 0.822266 0.574682 0.823242 0.572564 0.823486 0.572564 0.823730 0.571504 0.824219 0.571504 0.824707 0.569386 0.823975 0.568326 0.823975 0.567797 0.824463 0.567267 0.824463 0.565678 0.823975 0.565148 0.823975 0.561441 0.824219 0.560911 0.824951 0.560911 0.825195 0.559852 0.826416 0.559852 0.826660 0.560381 0.826172 0.561441 0.825684 0.561441 0.825439 0.561970 0.825684 0.562500 0.825439 0.564089 0.825928 0.564089 0.826172 0.565148 0.826416 0.564619 0.827637 0.564089 0.828613 0.562500 0.827637 0.559852 0.826172 0.558263 0.826660 0.557733 0.826904 0.555085 0.827637 0.553496 0.827881 0.551907 0.826172 0.551907 0.825928 0.550847 0.826172 0.550318 0.827637 0.550318 0.828125 0.549258 0.828125 0.548199 0.828369 0.547669 0.828857 0.547669 0.829102 0.546610 0.828125 0.545021 0.827881 0.542373 0.828125 0.541843 0.828857 0.541843 0.829102 0.542903 0.829346 0.542903 0.829346 0.542373 0.830322 0.540784 0.830322 0.539195 0.830566 0.538665 0.831299 0.538665 0.831299 0.537076 0.829102 0.537076 0.828857 0.536017 0.828369 0.536017 0.827881 0.534958 0.827881 0.533898 0.828125 0.533369 0.828125 0.532309
2 0.835693 0.523305 0.835449 0.523305 0.835205 0.522775 0.835205 0.522246 0.834961 0.522246 0.834717 0.521716 0.834717 0.521186 0.834473 0.521186 0.834229 0.520657 0.834229 0.520127 0.833496 0.520127 0.833496 0.520657 0.833252 0.521186 0.833008 0.521186 0.833008 0.521716 0.833252 0.521716 0.833496 0.522246 0.833496 0.522775 0.833252 0.523305 0.833008 0.523305 0.833008 0.524894 0.832764 0.525424 0.832275 0.525424 0.831787 0.524364 0.831787 0.523305 0.831543 0.523305 0.831543 0.523835 0.831299 0.524364 0.831055 0.524364 0.831055 0.525953 0.831299 0.526483 0.831299 0.527542 0.831055 0.528072 0.831299 0.528072 0.831543 0.528602 0.831543 0.529131 0.833740 0.529131 0.833008 0.529131 0.832764 0.528602 0.832764 0.528072 0.832520 0.527542 0.832764 0.527013 0.834229 0.527013 0.834229 0.525424 0.834473 0.524894 0.835693 0.524894
2 0.839600 0.507415 0.837891 0.507415 0.837891 0.507945 0.838135 0.507945 0.838379 0.508475 0.838379 0.510064 0.838135 0.510593 0.837402 0.510593 0.837402 0.511123 0.837158 0.511653 0.835938 0.511653 0.835938 0.513242 0.837646 0.513242 0.837646 0.512712 0.837891 0.512182 0.840088 0.512182 0.840088 0.511653 0.839844 0.511653 0.839600 0.511123
2 0.839355 0.493644 0.838867 0.494703 0.838867 0.495233 0.839111 0.495233 0.839355 0.495763 0.839355 0.496292 0.839600 0.496292 0.839600 0.495763 0.839844 0.495233 0.840088 0.495233 0.840332 0.495763 0.840332 0.496292 0.840576 0.496292 0.840820 0.496822 0.840820 0.497352 0.841064 0.497352 0.841309 0.497881 0.841309 0.499470 0.841064 0.500000 0.840820 0.500000 0.840820 0.500530 0.841064 0.500530 0.841309 0.501059 0.841309 0.501589 0.841553 0.501589 0.841797 0.502119 0.841797 0.502648 0.842041 0.502648 0.842285 0.503178 0.842285 0.503708 0.843506 0.503708 0.843506 0.502648 0.843750 0.502119 0.843750 0.500000 0.843506 0.499470 0.843506 0.497881 0.843262 0.497881 0.843018 0.497352 0.843018 0.496822 0.842285 0.496822 0.842041 0.496292 0.842041 0.495763 0.840820 0.495763 0.840576 0.495233 0.840576 0.494703 0.840088 0.494703 0.839600 0.493644
2 0.846924 0.478814 0.846191 0.478814 0.845947 0.478284 0.845947 0.477754 0.845215 0.477754 0.845215 0.478284 0.844971 0.478814 0.844727 0.478814 0.844727 0.479343 0.844482 0.479873 0.844238 0.479873 0.844238 0.480403 0.843994 0.480932 0.843750 0.480932 0.843506 0.480403 0.843506 0.479873 0.843262 0.479873 0.843262 0.481462 0.843018 0.481992 0.842773 0.481992 0.842773 0.484640 0.842529 0.485169 0.842285 0.485169 0.842285 0.485699 0.842041 0.486229 0.841309 0.486229 0.841309 0.487818 0.840820 0.488877 0.840576 0.488877 0.840576 0.489407 0.840332 0.489936 0.840088 0.489936 0.840088 0.490466 0.839844 0.490996 0.840576 0.490996 0.840820 0.491525 0.841309 0.489936 0.842041 0.489936 0.842041 0.489407 0.842285 0.488877 0.842529 0.488877 0.842773 0.489407 0.842773 0.490996 0.842529 0.491525 0.842285 0.491525 0.842285 0.492055 0.842041 0.492585 0.840820 0.492585 0.840820 0.493114 0.841064 0.493114 0.841309 0.493644 0.841309 0.494174 0.843018 0.494174 0.843018 0.493644 0.843262 0.493114 0.843994 0.493114 0.843994 0.492585 0.844238 0.492055 0.846924 0.492055 0.847168 0.492585 0.847168 0.493114 0.847412 0.493114 0.847412 0.492055 0.847168 0.491525 0.845215 0.491525 0.844971 0.490996 0.844971 0.488347 0.845215 0.487818 0.845459 0.487818 0.845459 0.486229 0.845703 0.485699 0.845947 0.485699 0.845947 0.483051 0.846191 0.482521 0.847168 0.482521 0.847412 0.481992 0.847412 0.479873 0.847168 0.479873 0.846924 0.479343
2 0.855225 0.445975 0.854492 0.445975 0.854248 0.445445 0.854492 0.446504 0.854492 0.448623 0.854248 0.449153 0.853516 0.449153 0.853516 0.451801 0.853027 0.452331 0.852783 0.453390 0.851807 0.453390 0.851562 0.453919 0.851562 0.456038 0.851318 0.456568 0.850586 0.456568 0.850342 0.455508 0.848633 0.455508 0.848389 0.454449 0.848145 0.454449 0.847656 0.455508 0.847656 0.457097 0.847168 0.457627 0.847168 0.460275 0.846680 0.460805 0.846680 0.462394 0.846436 0.462924 0.846191 0.465572 0.847412 0.465572 0.847656 0.466102 0.847656 0.469809 0.847168 0.470339 0.846924 0.469280 0.846680 0.469280 0.847168 0.470869 0.847656 0.471398 0.847656 0.474576 0.847900 0.475106 0.848145 0.474047 0.849365 0.474047 0.849609 0.475106 0.850098 0.475636 0.850098 0.477225 0.850586 0.477754 0.850586 0.479343 0.850830 0.479343 0.851074 0.478284 0.851318 0.478284 0.851562 0.479343 0.852051 0.478814 0.852051 0.477754 0.852539 0.475636 0.852295 0.474576 0.852783 0.474047 0.852783 0.473517 0.852539 0.473517 0.852295 0.472458 0.851562 0.472458 0.851318 0.471398 0.851074 0.471398 0.850830 0.472458 0.849609 0.472458 0.849365 0.471398 0.848877 0.470869 0.848877 0.470339 0.848389 0.470339 0.848145 0.469809 0.848389 0.468750 0.847900 0.467691 0.848145 0.467161 0.848145 0.466102 0.847656 0.466102 0.847412 0.465572 0.847412 0.463983 0.847656 0.463453 0.848877 0.463453 0.849121 0.464513 0.849609 0.465042 0.849609 0.467691 0.850830 0.467691 0.851074 0.468750 0.851318 0.468750 0.851318 0.467161 0.851807 0.466631 0.852051 0.467691 0.852539 0.468220 0.852539 0.469809 0.853271 0.468750 0.853516 0.467691 0.853516 0.465572 0.853271 0.466102 0.852783 0.465042 0.853271 0.464513 0.853271 0.462924 0.853027 0.462924 0.852783 0.461864 0.853271 0.461335 0.853271 0.459746 0.853760 0.459216 0.854004 0.458157 0.854248 0.458157 0.854248 0.457627 0.853760 0.457097 0.853760 0.454449 0.854248 0.453919 0.854248 0.452331 0.854736 0.451801 0.854736 0.450212 0.855225 0.449682
