0 0.250488 0.992055 0.250244 0.992585 0.249756 0.992585 0.249512 0.993114 0.249023 0.993114 0.248779 0.993644 0.247803 0.993644 0.247559 0.994174 0.247559 0.994703 0.246094 0.997881 0.245850 0.997881 0.245361 0.998941 0.245117 0.998941 0.244873 0.999470 0.250000 0.999470 0.250000 0.994703 0.250244 0.994174 0.250244 0.992585
0 0.244141 0.964513 0.242920 0.963983 0.240479 0.959746 0.237061 0.958157 0.233643 0.954449 0.231445 0.947564 0.230957 0.941737 0.227051 0.936441 0.223389 0.929025 0.218018 0.926907 0.208740 0.927966 0.206787 0.929025 0.202881 0.937500 0.199463 0.939089 0.196289 0.942797 0.195068 0.947034 0.192871 0.950742 0.186279 0.952860 0.183838 0.955508 0.178467 0.958157 0.173828 0.974047 0.170898 0.977225 0.168457 0.977754 0.168457 0.992585 0.169189 0.999470 0.238037 0.999470 0.233643 0.990466 0.232910 0.987288 0.232910 0.977754 0.234375 0.972458 0.236572 0.968750 0.242432 0.966631
0 0.000000 0.042373 0.000000 0.208686 0.016846 0.237818 0.014160 0.286017 0.029053 0.302436 0.060059 0.273305 0.090576 0.296610 0.097168 0.331038 0.088867 0.375530 0.104004 0.415254 0.080322 0.459746 0.084473 0.492055 0.070312 0.520127 0.112061 0.553496 0.101562 0.683263 0.116699 0.707627 0.116943 0.732521 0.139648 0.751589 0.183838 0.734640 0.192627 0.770657 0.176270 0.811441 0.187988 0.824682 0.189453 0.853814 0.249268 0.848517 0.261963 0.939619 0.248779 0.963983 0.267822 0.999470 0.667236 0.999470 0.706543 0.925318 0.690186 0.855932 0.695557 0.833157 0.712646 0.821504 0.733398 0.679555 0.729980 0.654131 0.767090 0.588983 0.787598 0.525953 0.785400 0.501589 0.761963 0.479873 0.752441 0.416843 0.722900 0.385064 0.709717 0.307733 0.663574 0.302966 0.621826 0.259534 0.595459 0.174788 0.604004 0.097987 0.587891 0.085275 0.585449 0.058792 0.529053 0.039195 0.491943 0.063559 0.479980 0.000000 0.015625 0.000000 0.011475 0.032309
1 0.920166 0.994174 0.912598 0.970869 0.911865 0.952860 0.882568 0.871822 0.882568 0.859110 0.884766 0.844280 0.890137 0.829449 0.882568 0.813559 0.862061 0.814619 0.856445 0.810381 0.845947 0.811441 0.841797 0.814089 0.838379 0.822564 0.828857 0.835805 0.821045 0.837924 0.803467 0.855403 0.789795 0.858581 0.772461 0.878178 0.766846 0.903072 0.761719 0.913136 0.758545 0.914725 0.754639 0.927436 0.753662 0.962924 0.756348 0.980932 0.754395 0.988877 0.754395 0.999470 0.919922 0.999470
1 0.975342 0.497881 0.974121 0.495233 0.970703 0.492585 0.960938 0.492585 0.952393 0.496822 0.943359 0.498411 0.938965 0.501589 0.935791 0.506356 0.929688 0.520127 0.928223 0.525424 0.928223 0.542373 0.927734 0.548729 0.928711 0.560381 0.930908 0.566208 0.932861 0.569386 0.942139 0.577331 0.946045 0.577860 0.949219 0.572564 0.953857 0.560911 0.957275 0.554025 0.959229 0.547140 0.963379 0.538136 0.964844 0.533369 0.967041 0.529131 0.974121 0.511123 0.975830 0.503178
1 0.000000 0.547669 0.000000 0.655720 0.003174 0.655720 0.005371 0.656780 0.008301 0.655191 0.010010 0.651483 0.011719 0.642479 0.013428 0.638242 0.014893 0.636123 0.019043 0.634004 0.019531 0.628708 0.018799 0.625530 0.015381 0.623411 0.013916 0.621292 0.012451 0.617585 0.011475 0.611758 0.009277 0.604873 0.006104 0.598517 0.004395 0.596398 0.002686 0.592161 0.001953 0.588983 0.001953 0.579449 0.003174 0.574153 0.003662 0.565148 0.005127 0.559852 0.007324 0.556144 0.007568 0.553496 0.004639 0.548729 0.002930 0.547669
1 0.000000 0.338453 0.000000 0.395127 0.001465 0.395127 0.001709 0.394597 0.001709 0.393008 0.001953 0.392479 0.001953 0.386123 0.002686 0.382945 0.004150 0.379237 0.004395 0.379237 0.005615 0.377119 0.006836 0.376589 0.008301 0.373411 0.008545 0.371292 0.008789 0.370763 0.008789 0.369174 0.009033 0.368644 0.009033 0.362288 0.008789 0.361758 0.008545 0.357521 0.007568 0.353814 0.007568 0.352754 0.006836 0.350106 0.006836 0.349047 0.006104 0.347458 0.005371 0.344280 0.004150 0.341631 0.003906 0.341631 0.002197 0.338453
1 0.000000 0.263242 0.000732 0.263242 0.000977 0.262712 0.002441 0.262712 0.002686 0.262182 0.003662 0.262182 0.003906 0.261653 0.003906 0.261123 0.004150 0.260593 0.004150 0.260064 0.004883 0.258475 0.004883 0.257945 0.005615 0.256356 0.005859 0.256356 0.006348 0.255297 0.006592 0.255297 0.007080 0.254237 0.007568 0.254237 0.007812 0.253708 0.008301 0.253708 0.008789 0.252648 0.008789 0.252119 0.008545 0.251589 0.007812 0.251589 0.007568 0.251059 0.006104 0.251059 0.005859 0.250530 0.005371 0.250530 0.005127 0.250000 0.004639 0.250000 0.004150 0.248941 0.003906 0.248941 0.003418 0.247881 0.002930 0.247881 0.002686 0.247352 0.002197 0.247352 0.001953 0.246822 0.000000 0.246822
1 0.999756 0.345869 0.992188 0.345339 0.972412 0.351695 0.962891 0.361758 0.957275 0.372881 0.956787 0.386653 0.952148 0.399364 0.951416 0.423729 0.949951 0.432203 0.950195 0.443856 0.953125 0.452860 0.962158 0.453919 0.972656 0.463983 0.975098 0.471398 0.975098 0.480932 0.972900 0.487818 0.969971 0.490996 0.942871 0.498411 0.936035 0.506356 0.928223 0.525424 0.928467 0.557733 0.932129 0.568326 0.941406 0.578919 0.946045 0.577860 0.949463 0.572034 0.974365 0.508475 0.975586 0.502648 0.975342 0.488877 0.976807 0.483581 0.980469 0.478814 0.984131 0.478814 0.994141 0.452331 0.996582 0.448623 0.999756 0.447564
1 0.999756 0.345869 0.989990 0.345339 0.971924 0.351695 0.962891 0.361229 0.957031 0.372352 0.956543 0.381886 0.951660 0.398835 0.951660 0.411017 0.951172 0.413665 0.951660 0.423729 0.949951 0.432733 0.950195 0.443856 0.953125 0.452331 0.956299 0.453390 0.961182 0.452860 0.964355 0.454979 0.974854 0.465572 0.980713 0.475106 0.984375 0.477754 0.994385 0.453390 0.996582 0.450212 0.999756 0.449153
2 0.596436 0.991525 0.596436 0.992055 0.597412 0.992055 0.597656 0.992585 0.597656 0.994703 0.597900 0.995233 0.598389 0.995233 0.598389 0.994703 0.598633 0.994174 0.599365 0.994174 0.599365 0.993644 0.599609 0.993114 0.601318 0.993114 0.601318 0.992585 0.600098 0.992585 0.599854 0.992055 0.599854 0.991525 0.599609 0.991525 0.599365 0.990996 0.599121 0.990996 0.598877 0.991525 0.598633 0.991525 0.598389 0.990996 0.598389 0.989407 0.598145 0.989407 0.597900 0.988877 0.597900 0.987288 0.597656 0.987288 0.597656 0.988877 0.597412 0.989407 0.597168 0.989407 0.597168 0.989936 0.596924 0.990466 0.596680 0.990466 0.596680 0.990996
2 0.582520 0.981992 0.582520 0.982521 0.584229 0.982521 0.584473 0.983051 0.584473 0.984640 0.584229 0.985169 0.583008 0.985169 0.583008 0.985699 0.583252 0.985699 0.583496 0.986229 0.583496 0.986758 0.584229 0.986758 0.584473 0.987288 0.584473 0.987818 0.584717 0.987818 0.584961 0.988347 0.584961 0.988877 0.585205 0.988877 0.585205 0.988347 0.585449 0.987818 0.585693 0.987818 0.585938 0.988347 0.585938 0.989936 0.586182 0.989936 0.586182 0.989407 0.586426 0.988877 0.587158 0.988877 0.587402 0.989407 0.587402 0.989936 0.587158 0.990466 0.586914 0.990466 0.586914 0.990996 0.586670 0.991525 0.586182 0.991525 0.585938 0.990996 0.585693 0.990996 0.585693 0.991525 0.585938 0.992055 0.587158 0.992055 0.587402 0.992585 0.587402 0.993644 0.587891 0.994703 0.587891 0.995763 0.588135 0.996292 0.588623 0.996292 0.588623 0.994703 0.588867 0.994174 0.589111 0.994174 0.589111 0.992585 0.589355 0.992055 0.589600 0.992055 0.589844 0.992585 0.589844 0.993114 0.590576 0.993114 0.590576 0.992055 0.590332 0.991525 0.589844 0.991525 0.589600 0.992055 0.589355 0.991525 0.588379 0.991525 0.588135 0.990996 0.588135 0.990466 0.587891 0.990466 0.587646 0.989936 0.587646 0.989407 0.587402 0.989407 0.587158 0.988877 0.587158 0.988347 0.587402 0.987818 0.587646 0.987818 0.587646 0.987288 0.586914 0.987288 0.586914 0.987818 0.586670 0.988347 0.585938 0.988347 0.585693 0.987818 0.585693 0.987288 0.585938 0.986758 0.586182 0.986758 0.586182 0.986229 0.586426 0.985699 0.586670 0.985699 0.586670 0.984110 0.586914 0.983581 0.587158 0.983581 0.586670 0.982521 0.586670 0.980932 0.584473 0.980932 0.584473 0.981462 0.584229 0.981992
2 0.606934 0.979873 0.606934 0.980403 0.606689 0.980932 0.606689 0.981462 0.606445 0.981992 0.606445 0.982521 0.606689 0.982521 0.606934 0.983051 0.606934 0.985169 0.607178 0.985699 0.607178 0.986229 0.607910 0.987818 0.607910 0.991525 0.608154 0.992055 0.608154 0.992585 0.607910 0.993114 0.607910 0.997352 0.608154 0.997352 0.608398 0.996822 0.608643 0.997352 0.608887 0.996822 0.609131 0.997352 0.609375 0.997352 0.609619 0.997881 0.609619 0.998941 0.609863 0.999470 0.611328 0.999470 0.611084 0.998941 0.611084 0.997881 0.610840 0.997352 0.610840 0.996292 0.610107 0.994703 0.610107 0.994174 0.609863 0.993644 0.609863 0.993114 0.609619 0.992585 0.609619 0.992055 0.609375 0.991525 0.609375 0.990996 0.609131 0.990466 0.609131 0.989936 0.608887 0.989407 0.609131 0.988877 0.609131 0.988347 0.608887 0.987818 0.608887 0.987288 0.608154 0.985699 0.608154 0.985169 0.607910 0.984640 0.607910 0.983051 0.607666 0.982521 0.607666 0.981992 0.607422 0.981462 0.607422 0.980932
2 0.599121 0.978814 0.599121 0.979343 0.598877 0.979873 0.598633 0.979873 0.598633 0.981462 0.598389 0.981992 0.598145 0.981992 0.598145 0.982521 0.598877 0.982521 0.599121 0.983051 0.599121 0.984640 0.599365 0.984640 0.599609 0.985169 0.599609 0.985699 0.599854 0.985699 0.600098 0.986229 0.600098 0.987818 0.600342 0.987818 0.600586 0.988347 0.600586 0.990996 0.601074 0.990996 0.601074 0.989936 0.601318 0.989407 0.601562 0.989936 0.601562 0.990466 0.602051 0.991525 0.602051 0.992055 0.602783 0.992055 0.602539 0.992055 0.602295 0.991525 0.602051 0.991525 0.601807 0.990996 0.601807 0.988347 0.602051 0.987818 0.602295 0.987818 0.602295 0.986229 0.602051 0.986229 0.601807 0.985699 0.601807 0.985169 0.601562 0.985169 0.601318 0.984640 0.601318 0.984110 0.601074 0.984110 0.600830 0.983581 0.600830 0.981992 0.600586 0.981992 0.600342 0.981462 0.600342 0.979873 0.600098 0.979873 0.599854 0.979343 0.599854 0.978814
2 0.570312 0.975106 0.570312 0.982521 0.570557 0.983051 0.570801 0.983051 0.571289 0.984640 0.571289 0.990996 0.571533 0.990996 0.571777 0.991525 0.571777 0.992055 0.572021 0.992055 0.572266 0.992585 0.572266 0.993114 0.572510 0.993114 0.572754 0.993644 0.572754 0.994174 0.574463 0.994174 0.574707 0.994703 0.574707 0.996822 0.575195 0.997881 0.575195 0.999470 0.575195 0.998411 0.575439 0.997881 0.575684 0.998411 0.575684 0.999470 0.576172 0.999470 0.576172 0.996822 0.576416 0.996292 0.576416 0.994174 0.576172 0.993644 0.576172 0.991525 0.575684 0.989936 0.575684 0.988347 0.575439 0.988347 0.575195 0.987818 0.575195 0.987288 0.575439 0.986758 0.575195 0.986229 0.575195 0.983581 0.574951 0.983051 0.574463 0.983051 0.574219 0.983581 0.573975 0.983051 0.573975 0.981992 0.573486 0.983051 0.573242 0.982521 0.572998 0.983051 0.572754 0.982521 0.572754 0.981992 0.572510 0.981462 0.572510 0.980932 0.572266 0.980932 0.572021 0.980403 0.572021 0.977754 0.571533 0.977754 0.570557 0.975636 0.570557 0.975106
2 0.591309 0.972458 0.591309 0.974047 0.592041 0.974047 0.592285 0.974576 0.592285 0.976165 0.592529 0.976165 0.592529 0.974576 0.592773 0.974047 0.593018 0.974047 0.593262 0.974576 0.593262 0.975106 0.593506 0.975106 0.593750 0.975636 0.593750 0.978284 0.594482 0.978284 0.594727 0.978814 0.594727 0.979343 0.595947 0.979343 0.596191 0.979873 0.596191 0.981462 0.597168 0.981462 0.597168 0.980932 0.596680 0.980932 0.596436 0.980403 0.596436 0.979873 0.596680 0.979343 0.597412 0.979343 0.597412 0.975106 0.597168 0.974576 0.596924 0.975106 0.596680 0.974576 0.596436 0.975106 0.596191 0.975106 0.596191 0.976165 0.595947 0.976695 0.595215 0.976695 0.594971 0.976165 0.594971 0.975636 0.594238 0.975636 0.593994 0.975106 0.593994 0.974576 0.593750 0.974576 0.593506 0.974047 0.593506 0.972987 0.593262 0.972458
2 0.651855 0.971398 0.651367 0.971398 0.651367 0.971928 0.651123 0.972458 0.650879 0.972458 0.650879 0.972987 0.650635 0.973517 0.650391 0.973517 0.650391 0.974047 0.650635 0.974047 0.650879 0.974576 0.650879 0.975106 0.650635 0.975636 0.649902 0.975636 0.649902 0.976165 0.649658 0.976695 0.649414 0.976695 0.649414 0.979873 0.649658 0.980403 0.649658 0.980932 0.649902 0.981462 0.649902 0.982521 0.649658 0.983051 0.649414 0.983051 0.649414 0.986229 0.649658 0.986758 0.650391 0.986758 0.650635 0.987288 0.650635 0.987818 0.651123 0.988877 0.651123 0.987818 0.650391 0.986229 0.650391 0.984640 0.650146 0.984110 0.650146 0.982521 0.650391 0.981992 0.650635 0.982521 0.651123 0.982521 0.651123 0.981992 0.650635 0.980932 0.650879 0.980403 0.651123 0.980403 0.651123 0.979873 0.651367 0.979343 0.651855 0.979343 0.652100 0.978814 0.652344 0.978814 0.652588 0.978284 0.652832 0.978814 0.652832 0.979343 0.653076 0.979873 0.653076 0.978284 0.652832 0.977754 0.652588 0.977754 0.652344 0.977225 0.652100 0.977225 0.651855 0.976695 0.652344 0.975636 0.652588 0.976165 0.652832 0.976165 0.652588 0.975636 0.652344 0.975636 0.652100 0.975106 0.652100 0.974576 0.652344 0.974047 0.652344 0.972987 0.652100 0.972458 0.652100 0.971928
2 0.593506 0.966631 0.593506 0.966102 0.591309 0.966102 0.590820 0.965042 0.590820 0.964513 0.590820 0.965042 0.590576 0.965572 0.590332 0.965042 0.590088 0.965572 0.589844 0.965042 0.589600 0.965042 0.589355 0.964513 0.589355 0.962924 0.589355 0.963453 0.589111 0.963983 0.586914 0.963983 0.586914 0.964513 0.586670 0.965042 0.585938 0.965042 0.585449 0.963983 0.583496 0.963983 0.583496 0.964513 0.583252 0.965042 0.583008 0.965042 0.583008 0.965572 0.585693 0.965572 0.585938 0.966102 0.585938 0.966631 0.586670 0.966631 0.586914 0.967161 0.586914 0.967691 0.588135 0.967691 0.588379 0.968220 0.588379 0.968750 0.589600 0.968750 0.589600 0.966102 0.589844 0.965572 0.590088 0.965572 0.590576 0.966631 0.590820 0.966631 0.590820 0.966102 0.591064 0.965572 0.591309 0.966102 0.591309 0.970869 0.591553 0.970869 0.591553 0.969280 0.591797 0.968750 0.592041 0.968750 0.592041 0.968220 0.592285 0.967691 0.593018 0.967691 0.593018 0.967161 0.593262 0.966631
2 0.604492 0.961864 0.604492 0.962394 0.604248 0.962924 0.604004 0.962394 0.604004 0.962924 0.603760 0.963453 0.603516 0.962924 0.603516 0.965572 0.604492 0.965572 0.604736 0.966102 0.604736 0.966631 0.604980 0.967161 0.604980 0.967691 0.604736 0.968220 0.604492 0.968220 0.604492 0.968750 0.604248 0.969280 0.604248 0.969809 0.604004 0.970339 0.604004 0.974047 0.604248 0.973517 0.604492 0.974047 0.605225 0.974047 0.605469 0.974576 0.605469 0.977225 0.605957 0.978284 0.605957 0.977754 0.606201 0.977225 0.606445 0.977225 0.606445 0.976165 0.606201 0.976165 0.605957 0.975636 0.605957 0.970869 0.605225 0.969280 0.605225 0.968220 0.604980 0.967691 0.604980 0.966102 0.604736 0.965572 0.604736 0.965042 0.604492 0.964513
2 0.566406 0.965042 0.566406 0.965572 0.566650 0.965572 0.566895 0.966102 0.567139 0.965572 0.567871 0.966631 0.567871 0.967691 0.567627 0.968220 0.567383 0.968220 0.567383 0.968750 0.567627 0.968750 0.567871 0.969280 0.567871 0.969809 0.569092 0.969809 0.569336 0.970339 0.569336 0.970869 0.569580 0.970869 0.569824 0.971398 0.569824 0.971928 0.570068 0.971928 0.570312 0.971398 0.570557 0.971928 0.570801 0.971928 0.571777 0.974047 0.571533 0.973517 0.571533 0.972987 0.571777 0.972458 0.572266 0.973517 0.572266 0.974576 0.572510 0.974576 0.572754 0.975106 0.572754 0.976695 0.572998 0.977225 0.572998 0.977754 0.573242 0.978284 0.573730 0.980932 0.573730 0.980403 0.573975 0.979873 0.574219 0.979873 0.574463 0.980403 0.574463 0.979873 0.574707 0.979343 0.575195 0.979343 0.575439 0.978814 0.575439 0.976695 0.574463 0.976695 0.573975 0.975636 0.573975 0.974576 0.574219 0.974047 0.573975 0.973517 0.573975 0.971928 0.573730 0.971398 0.573730 0.971928 0.573486 0.972458 0.572754 0.971398 0.572998 0.970869 0.572510 0.969809 0.572510 0.968220 0.572998 0.967161 0.572998 0.966631 0.572754 0.966102 0.572266 0.966102 0.572021 0.965572 0.572510 0.964513 0.572510 0.963983 0.572754 0.963453 0.573486 0.963453 0.573486 0.962924 0.573242 0.962924 0.572754 0.961864 0.572510 0.961864 0.572266 0.961335 0.572266 0.960805 0.572266 0.961335 0.572021 0.961864 0.571533 0.960805 0.570801 0.960805 0.570801 0.961335 0.570557 0.961864 0.570312 0.961335 0.570068 0.961864 0.569824 0.961864 0.569580 0.961335 0.569336 0.961864 0.569092 0.961335 0.569092 0.962924 0.568848 0.963453 0.568604 0.962924 0.568604 0.962394 0.568848 0.963983 0.569580 0.965572 0.569092 0.966631 0.568848 0.966102 0.568359 0.966102 0.568115 0.965572 0.568115 0.965042 0.568359 0.964513 0.568115 0.964513 0.567871 0.963983 0.567871 0.963453 0.567383 0.963453 0.566650 0.965042
2 0.646973 0.957627 0.646729 0.958157 0.646729 0.958686 0.646973 0.959216 0.646973 0.959746 0.646729 0.960275 0.646240 0.959216 0.646240 0.958686 0.645996 0.958686 0.645996 0.959216 0.645752 0.959746 0.645508 0.959746 0.645508 0.960805 0.645752 0.960275 0.645996 0.960805 0.645996 0.961335 0.645752 0.961864 0.645508 0.961864 0.645508 0.962924 0.645752 0.963453 0.645508 0.963983 0.645508 0.965042 0.645752 0.965042 0.645996 0.965572 0.646240 0.965572 0.646484 0.966102 0.646484 0.967161 0.646240 0.967691 0.645996 0.967161 0.645996 0.966631 0.645996 0.967691 0.646240 0.967691 0.646484 0.968220 0.646484 0.968750 0.646729 0.968750 0.646973 0.969280 0.646973 0.969809 0.647705 0.969809 0.647949 0.970339 0.647949 0.970869 0.648193 0.970869 0.647705 0.969809 0.647705 0.969280 0.647949 0.968750 0.647949 0.966631 0.648193 0.966102 0.648438 0.966631 0.648438 0.968750 0.649170 0.968750 0.649170 0.967161 0.649414 0.966631 0.649658 0.966631 0.649414 0.966102 0.648682 0.966102 0.648193 0.965042 0.648926 0.963453 0.649170 0.963453 0.649170 0.962394 0.648926 0.961864 0.648926 0.960805 0.648682 0.960275 0.648682 0.959216 0.648193 0.958157 0.648193 0.957627 0.647705 0.957627 0.647949 0.958157 0.647949 0.958686 0.647705 0.959216 0.647705 0.959746 0.647461 0.960275 0.646973 0.959216 0.647217 0.958686 0.647217 0.958157
2 0.557129 0.944915 0.557129 0.947564 0.556641 0.948093 0.556396 0.947034 0.555908 0.947564 0.555420 0.949153 0.554688 0.949153 0.554443 0.950742 0.554932 0.950742 0.555176 0.951801 0.556885 0.951801 0.557129 0.952860 0.557373 0.952860 0.556885 0.951801 0.556885 0.951271 0.557373 0.950742 0.556885 0.949153 0.557129 0.948623 0.558350 0.948623 0.558594 0.949153 0.558594 0.950742 0.560303 0.950742 0.560547 0.951801 0.561035 0.952331 0.561035 0.956038 0.560791 0.956568 0.559082 0.956568 0.558838 0.955508 0.558350 0.954979 0.558350 0.952331 0.558105 0.952331 0.558105 0.953919 0.557617 0.954449 0.558105 0.956038 0.557617 0.956568 0.557617 0.957097 0.558594 0.958686 0.558594 0.960805 0.558838 0.961335 0.558594 0.961864 0.558594 0.963453 0.558105 0.963983 0.557861 0.963453 0.557861 0.961864 0.557373 0.961335 0.557861 0.959746 0.556641 0.959746 0.556396 0.958686 0.556152 0.958686 0.555420 0.960805 0.555908 0.962394 0.555664 0.963453 0.556152 0.962924 0.557129 0.965572 0.557861 0.965572 0.558594 0.967161 0.558594 0.969809 0.560303 0.969809 0.560547 0.968750 0.562012 0.968750 0.562012 0.968220 0.561035 0.968220 0.560303 0.966102 0.560791 0.965572 0.560791 0.961864 0.561768 0.960275 0.561768 0.957627 0.561523 0.957627 0.561279 0.956568 0.561768 0.956038 0.562012 0.954979 0.562500 0.956038 0.562500 0.957097 0.563232 0.957097 0.563477 0.956568 0.563232 0.956038 0.563232 0.952860 0.562988 0.952331 0.562744 0.953390 0.562256 0.952860 0.562744 0.951271 0.562500 0.951271 0.562256 0.952331 0.562012 0.952331 0.561768 0.951271 0.561035 0.952331 0.560791 0.951271 0.560303 0.950742 0.560303 0.949682 0.560791 0.948623 0.561035 0.949682 0.561768 0.948623 0.563965 0.948623 0.563477 0.947564 0.563721 0.946504 0.563232 0.948623 0.562988 0.948093 0.562988 0.946504 0.562744 0.947564 0.562500 0.947034 0.560547 0.947034 0.560303 0.948093 0.558594 0.948093 0.558350 0.947564 0.558350 0.944915
2 0.568359 0.935381 0.568359 0.937500 0.568115 0.938030 0.567871 0.937500 0.567383 0.938559 0.567383 0.940148 0.567627 0.940148 0.567871 0.940678 0.567871 0.943326 0.567627 0.943856 0.566895 0.943856 0.566895 0.944386 0.567383 0.945445 0.567383 0.946504 0.567139 0.947034 0.566895 0.947034 0.566895 0.947564 0.566406 0.948623 0.566406 0.949153 0.566162 0.949682 0.566406 0.950212 0.566406 0.950742 0.567139 0.950742 0.567383 0.951271 0.567383 0.951801 0.567871 0.952860 0.568115 0.952860 0.568359 0.953390 0.568359 0.956568 0.568604 0.957097 0.568359 0.957627 0.568359 0.960275 0.568604 0.959746 0.568604 0.958686 0.568848 0.958157 0.569092 0.958157 0.569336 0.958686 0.569336 0.959216 0.569336 0.958686 0.569580 0.958157 0.569580 0.955508 0.569336 0.955508 0.569092 0.954979 0.569092 0.952860 0.569336 0.952331 0.569336 0.950742 0.569580 0.950212 0.569580 0.949682 0.569336 0.949682 0.569092 0.949153 0.569336 0.948623 0.569092 0.948093 0.569336 0.947564 0.569824 0.947564 0.570068 0.948093 0.570312 0.948093 0.570801 0.947034 0.570801 0.945445 0.570557 0.944915 0.570312 0.944915 0.570068 0.944386 0.570068 0.942797 0.569824 0.942267 0.569824 0.940678 0.569580 0.940148 0.569580 0.939619 0.569336 0.939619 0.569092 0.939089 0.569092 0.938030 0.568604 0.936970 0.568604 0.935911
2 0.553223 0.932203 0.553223 0.932733 0.554443 0.932733 0.554688 0.933263 0.554688 0.935911 0.554443 0.936441 0.553711 0.936441 0.553711 0.936970 0.553467 0.937500 0.553223 0.937500 0.553223 0.938030 0.553467 0.938030 0.553955 0.939089 0.554199 0.939089 0.554688 0.940148 0.554688 0.941737 0.554932 0.942267 0.554932 0.941737 0.555176 0.941208 0.555420 0.941208 0.555664 0.941737 0.555664 0.942267 0.555908 0.942267 0.555908 0.941737 0.556152 0.941208 0.556396 0.941208 0.556396 0.940678 0.556152 0.940678 0.556152 0.941208 0.555908 0.941737 0.555664 0.941737 0.555420 0.941208 0.555420 0.932203 0.554688 0.932203 0.554443 0.932733 0.554199 0.932203 0.554199 0.931674 0.554199 0.932203 0.553955 0.932733 0.553711 0.932733 0.553467 0.932203
2 0.596436 0.930085 0.596436 0.930614 0.596191 0.931144 0.595703 0.931144 0.595703 0.931674 0.595459 0.932203 0.595215 0.932203 0.595215 0.938030 0.595459 0.938030 0.595703 0.938559 0.595703 0.941208 0.595947 0.941208 0.595947 0.940678 0.596191 0.940148 0.596436 0.940148 0.596680 0.940678 0.596680 0.944386 0.596436 0.944915 0.594238 0.944915 0.594238 0.946504 0.593994 0.947034 0.593750 0.947034 0.593506 0.946504 0.593506 0.943856 0.593262 0.943856 0.593262 0.948093 0.593506 0.948623 0.593262 0.949153 0.593506 0.949153 0.593750 0.949682 0.593506 0.950212 0.593018 0.950212 0.593018 0.951271 0.593750 0.951271 0.593994 0.950742 0.593994 0.950212 0.594238 0.949682 0.594482 0.949682 0.594482 0.949153 0.594727 0.948623 0.595947 0.948623 0.595947 0.947034 0.596191 0.946504 0.596436 0.946504 0.596436 0.944915 0.596680 0.944386 0.597412 0.944386 0.597900 0.945445 0.597900 0.944915 0.598145 0.944386 0.598389 0.944386 0.598389 0.941737 0.597900 0.940678 0.597900 0.940148 0.597900 0.941737 0.598145 0.942267 0.597900 0.942797 0.597656 0.942797 0.597412 0.942267 0.597412 0.939089 0.597168 0.938559 0.596191 0.938559 0.595947 0.938030 0.595947 0.932733 0.596191 0.932203 0.596680 0.932203 0.596680 0.930614
2 0.558594 0.927436 0.558594 0.927966 0.558350 0.928496 0.558105 0.927966 0.558105 0.928496 0.557861 0.929025 0.557617 0.929025 0.557617 0.929555 0.557373 0.930085 0.557129 0.930085 0.557129 0.931674 0.557373 0.931674 0.557617 0.932203 0.557617 0.934852 0.557861 0.934852 0.558105 0.935381 0.558105 0.935911 0.558350 0.935911 0.558350 0.934322 0.558594 0.933792 0.559326 0.933792 0.559326 0.933263 0.559570 0.932733 0.560547 0.932733 0.560791 0.932203 0.561035 0.932733 0.561279 0.932203 0.561035 0.931674 0.561279 0.931144 0.561035 0.931144 0.560547 0.930085 0.560547 0.929555 0.560303 0.930085 0.560059 0.929555 0.559814 0.929555 0.559570 0.929025 0.559570 0.928496 0.559326 0.928496 0.559082 0.927966 0.558838 0.927966
2 0.556885 0.920551 0.556152 0.920551 0.555908 0.920021 0.555908 0.919492 0.555664 0.919492 0.555664 0.920021 0.555420 0.920551 0.554932 0.920551 0.554688 0.920021 0.554688 0.923199 0.554443 0.923729 0.553711 0.923729 0.553711 0.924258 0.553467 0.924788 0.553223 0.924788 0.552979 0.924258 0.552979 0.923729 0.552734 0.923729 0.552734 0.924258 0.552490 0.924788 0.552246 0.924788 0.552246 0.925318 0.552002 0.925847 0.551758 0.925847 0.551758 0.926377 0.552490 0.926377 0.552734 0.926907 0.552734 0.927436 0.552490 0.927966 0.551270 0.927966 0.551025 0.927436 0.551025 0.926907 0.550781 0.927436 0.550537 0.926907 0.550781 0.924258 0.550537 0.923729 0.550049 0.923729 0.549805 0.924258 0.549805 0.926377 0.550293 0.926377 0.550781 0.927436 0.550781 0.929025 0.551025 0.928496 0.551270 0.929025 0.551270 0.930614 0.551025 0.931144 0.550293 0.931144 0.550049 0.930614 0.550049 0.929025 0.548828 0.929025 0.548828 0.929555 0.548584 0.930085 0.548340 0.930085 0.548340 0.931144 0.549316 0.931144 0.549561 0.931674 0.550049 0.931674 0.550537 0.932733 0.550049 0.934322 0.550049 0.935381 0.550293 0.935911 0.550293 0.936970 0.550537 0.937500 0.550537 0.936970 0.550781 0.936441 0.550781 0.934322 0.551025 0.933792 0.551514 0.933792 0.552002 0.932733 0.552490 0.932733 0.552490 0.932203 0.552246 0.932203 0.552002 0.931674 0.552002 0.930085 0.552246 0.929555 0.552490 0.929555 0.552490 0.929025 0.552734 0.928496 0.552979 0.928496 0.553223 0.929025 0.553223 0.929555 0.553467 0.929555 0.553467 0.925847 0.553711 0.925318 0.553955 0.925318 0.554199 0.925847 0.554199 0.927436 0.554443 0.926907 0.554688 0.927436 0.554688 0.927966 0.554932 0.927436 0.555420 0.927436 0.555420 0.926907 0.555176 0.926907 0.554932 0.926377 0.554932 0.925847 0.555176 0.925318 0.555908 0.925318 0.555908 0.924788 0.555664 0.924788 0.555420 0.924258 0.555420 0.923729 0.555664 0.923199 0.556396 0.923199 0.556396 0.922669 0.556152 0.922669 0.555908 0.922140 0.555908 0.921610 0.556152 0.921081 0.556885 0.921081
2 0.591309 0.904131 0.591553 0.904661 0.591309 0.905191 0.591797 0.906250 0.591797 0.913665 0.591553 0.914195 0.591064 0.914195 0.591309 0.914195 0.591553 0.914725 0.592041 0.914725 0.592285 0.915254 0.592041 0.915784 0.592041 0.916843 0.591797 0.917373 0.592285 0.918432 0.592529 0.918432 0.592773 0.918962 0.593018 0.918432 0.593262 0.918962 0.593506 0.918432 0.593750 0.918962 0.594482 0.918962 0.594727 0.918432 0.594727 0.917373 0.594482 0.916843 0.594482 0.913665 0.594238 0.913136 0.594238 0.909958 0.593994 0.909428 0.593994 0.908898 0.593750 0.908369 0.593506 0.908898 0.593018 0.907839 0.593018 0.906780 0.592773 0.906780 0.592285 0.905720 0.592285 0.905191 0.591797 0.904131
2 0.600342 0.900424 0.599609 0.900424 0.599609 0.900953 0.599365 0.901483 0.599121 0.901483 0.599121 0.902013 0.598877 0.902542 0.598145 0.902542 0.598145 0.903072 0.597900 0.903602 0.597900 0.904131 0.598145 0.904661 0.598145 0.905191 0.598389 0.905191 0.599121 0.906780 0.599365 0.906250 0.600342 0.906250 0.600342 0.905720 0.600586 0.905191 0.600830 0.905191 0.600830 0.904661 0.601074 0.904131 0.601318 0.904661 0.601318 0.905191 0.601318 0.902542 0.601074 0.902542 0.600830 0.902013 0.600830 0.901483 0.600586 0.901483 0.600342 0.900953
2 0.543701 0.900424 0.543457 0.900424 0.543457 0.900953 0.543213 0.901483 0.542969 0.901483 0.542969 0.905191 0.542725 0.905720 0.541992 0.905720 0.541992 0.909428 0.542236 0.909428 0.542480 0.909958 0.542480 0.912606 0.542725 0.912606 0.542969 0.913136 0.542969 0.914195 0.542725 0.914725 0.543213 0.914725 0.543457 0.915254 0.543701 0.914725 0.543701 0.909958 0.543457 0.909958 0.543457 0.910487 0.543213 0.911017 0.542969 0.911017 0.542725 0.910487 0.542725 0.906780 0.542969 0.906250 0.544189 0.906250 0.544434 0.906780 0.544434 0.907309 0.545166 0.907309 0.545166 0.906780 0.544922 0.906780 0.544678 0.906250 0.544678 0.901483 0.543945 0.901483 0.543701 0.900953
2 0.553711 0.890890 0.553711 0.893538 0.554443 0.893538 0.554688 0.894068 0.554688 0.895657 0.554443 0.896186 0.553223 0.896186 0.553223 0.896716 0.552979 0.897246 0.551758 0.897246 0.551758 0.897775 0.552979 0.897775 0.553223 0.898305 0.553223 0.898835 0.554443 0.898835 0.554688 0.899364 0.554688 0.899894 0.554932 0.899894 0.555176 0.900424 0.555176 0.900953 0.556396 0.900953 0.556396 0.900424 0.556152 0.900424 0.555908 0.899894 0.555908 0.898305 0.557373 0.895127 0.557617 0.895657 0.557617 0.896186 0.557617 0.895657 0.558105 0.894597 0.558105 0.894068 0.558105 0.894597 0.557861 0.895127 0.557617 0.895127 0.557373 0.894597 0.557373 0.893538 0.557129 0.893008 0.557129 0.893538 0.556885 0.894068 0.556641 0.894068 0.556396 0.893538 0.556396 0.893008 0.556152 0.893008 0.556152 0.893538 0.555908 0.894068 0.555176 0.894068 0.554932 0.893538 0.554932 0.893008 0.554688 0.893008 0.554443 0.892479 0.554443 0.891949 0.554199 0.891419 0.554199 0.890890
2 0.620605 0.885593 0.617676 0.890360 0.617432 0.893538 0.618896 0.898305 0.620605 0.899894 0.621582 0.907309 0.620605 0.907839 0.621094 0.908898 0.619141 0.913136 0.618652 0.922140 0.619385 0.924258 0.618896 0.934322 0.619629 0.944915 0.620605 0.948093 0.620117 0.957097 0.620850 0.957627 0.618896 0.959746 0.617920 0.958157 0.616211 0.938559 0.614258 0.936441 0.614746 0.934852 0.612549 0.929555 0.611328 0.930085 0.609619 0.934852 0.606934 0.931144 0.606689 0.933792 0.605469 0.935381 0.605957 0.940148 0.604492 0.940148 0.605957 0.941737 0.608887 0.960275 0.611328 0.967161 0.611572 0.961864 0.610352 0.960805 0.608154 0.949682 0.608398 0.946504 0.606689 0.940678 0.609375 0.937500 0.608398 0.942797 0.609375 0.949153 0.609863 0.942267 0.611084 0.942267 0.613037 0.945975 0.611328 0.949153 0.612305 0.952860 0.611816 0.957627 0.613037 0.957627 0.615723 0.962924 0.615967 0.965572 0.615234 0.966631 0.616699 0.970339 0.616211 0.975106 0.617188 0.976165 0.617188 0.983581 0.614746 0.983581 0.617188 0.999470 0.620117 0.999470 0.618652 0.995763 0.621338 0.994174 0.620850 0.999470 0.629639 0.999470 0.628906 0.983581 0.628174 0.981992 0.629150 0.977754 0.626465 0.960805 0.626953 0.955508 0.626709 0.957097 0.625488 0.953919 0.625977 0.940678 0.624268 0.908898 0.623535 0.907839 0.622314 0.888771 0.621582 0.889301 0.621582 0.886123
2 0.510254 0.876589 0.510254 0.877119 0.510742 0.878178 0.510742 0.878708 0.510986 0.878708 0.511230 0.879237 0.511230 0.879767 0.511475 0.879767 0.511719 0.880297 0.511963 0.879767 0.512451 0.879767 0.512939 0.878708 0.513428 0.878708 0.513672 0.879237 0.513672 0.879767 0.514893 0.879767 0.515137 0.880297 0.515137 0.878178 0.515381 0.877648 0.515137 0.877119 0.514893 0.877648 0.514648 0.877119 0.514648 0.877648 0.514404 0.878178 0.514160 0.878178 0.513916 0.878708 0.513672 0.878178 0.513672 0.877648 0.513428 0.877648 0.512695 0.876059 0.512695 0.875530 0.512451 0.875530 0.512207 0.875000 0.512207 0.875530 0.511963 0.876059 0.511719 0.875530 0.511475 0.875530 0.511230 0.875000 0.510986 0.875530 0.510742 0.875530
2 0.604492 0.869703 0.604492 0.870233 0.604004 0.870763 0.604004 0.871822 0.603516 0.873411 0.603516 0.874470 0.603027 0.875530 0.603027 0.876589 0.603271 0.876589 0.603516 0.877648 0.604248 0.877648 0.604492 0.878708 0.604980 0.879237 0.604980 0.881356 0.604736 0.881886 0.604248 0.881356 0.603271 0.881356 0.602783 0.883475 0.602051 0.883475 0.601807 0.882415 0.602783 0.880826 0.602783 0.879237 0.602539 0.879237 0.602295 0.878178 0.601807 0.878178 0.601562 0.879237 0.601562 0.882415 0.601074 0.882945 0.601074 0.884004 0.600830 0.884534 0.601074 0.885593 0.601562 0.885593 0.601807 0.886123 0.601807 0.887182 0.601318 0.887712 0.600830 0.889301 0.601807 0.888771 0.602051 0.889301 0.603271 0.889301 0.603516 0.889831 0.603760 0.889301 0.604248 0.889831 0.604248 0.887712 0.603760 0.887712 0.603271 0.886653 0.603271 0.885593 0.602783 0.885064 0.602783 0.883475 0.603027 0.882945 0.603760 0.882945 0.604004 0.881886 0.604736 0.881886 0.604980 0.882945 0.605225 0.882415 0.605713 0.883475 0.605713 0.884534 0.606201 0.885593 0.605469 0.887712 0.605713 0.888771 0.605469 0.889301 0.605469 0.893538 0.605713 0.894068 0.605469 0.894597 0.605713 0.895127 0.606201 0.894597 0.606445 0.895127 0.607422 0.893538 0.607422 0.890890 0.607910 0.889301 0.607910 0.887182 0.608398 0.885593 0.608154 0.886123 0.607910 0.885593 0.607910 0.885064 0.608398 0.884534 0.608154 0.883475 0.608398 0.882945 0.609131 0.882945 0.609619 0.881886 0.609131 0.881886 0.608887 0.881356 0.608398 0.881886 0.608154 0.881356 0.608398 0.882415 0.608154 0.883475 0.607178 0.883475 0.606689 0.884004 0.606445 0.883475 0.606934 0.882415 0.606445 0.882415 0.605957 0.881356 0.605713 0.881886 0.604980 0.880297 0.604736 0.878178 0.605225 0.877648 0.605225 0.876589 0.605469 0.876059 0.605713 0.876589 0.605713 0.875000 0.606201 0.874470 0.606201 0.872881 0.606689 0.871822 0.606445 0.871822 0.606201 0.870763 0.605469 0.869703 0.605469 0.874470 0.605713 0.875000 0.604980 0.877119 0.604492 0.877119 0.604248 0.876589 0.604248 0.873941 0.604736 0.873411 0.604736 0.869703
2 0.550781 0.868114 0.550537 0.868644 0.549805 0.868644 0.549805 0.870233 0.549561 0.870763 0.549316 0.870763 0.549316 0.872352 0.549072 0.872881 0.547852 0.872881 0.547607 0.873411 0.547363 0.872881 0.547363 0.875530 0.547119 0.876059 0.547119 0.877119 0.546143 0.879237 0.545898 0.879237 0.545898 0.879767 0.546143 0.879767 0.546387 0.880297 0.546387 0.880826 0.546143 0.881356 0.545898 0.880826 0.545654 0.881356 0.545410 0.880826 0.545410 0.882945 0.545898 0.882945 0.546143 0.882415 0.546143 0.881356 0.546387 0.880826 0.547607 0.880826 0.547852 0.881356 0.547852 0.885064 0.548584 0.885064 0.548584 0.884534 0.548828 0.884004 0.549072 0.884004 0.549072 0.883475 0.549316 0.882945 0.549561 0.882945 0.549561 0.882415 0.549316 0.882415 0.549072 0.881886 0.549072 0.881356 0.548340 0.881356 0.548096 0.880826 0.548096 0.878178 0.547852 0.878178 0.547607 0.877648 0.547607 0.876059 0.547852 0.875530 0.548096 0.875530 0.548340 0.876059 0.548340 0.876589 0.548584 0.876589 0.548584 0.875000 0.548828 0.874470 0.549561 0.874470 0.549561 0.872881 0.549805 0.872352 0.550537 0.872352 0.550781 0.872881 0.550781 0.878708 0.550537 0.879237 0.550293 0.879237 0.550293 0.880826 0.550537 0.880826 0.551270 0.881886 0.551025 0.882415 0.550781 0.882415 0.550781 0.888771 0.551514 0.888771 0.551514 0.887712 0.551758 0.887182 0.552002 0.887182 0.552002 0.886653 0.551758 0.886653 0.551514 0.886123 0.551514 0.885593 0.551758 0.885064 0.552002 0.885064 0.552002 0.883475 0.551758 0.883475 0.551514 0.882945 0.551514 0.881356 0.551270 0.881356 0.551025 0.880826 0.551025 0.873411 0.551270 0.872881 0.551025 0.872881 0.550781 0.872352 0.551270 0.871292 0.551514 0.871292 0.551514 0.870233
2 0.503174 0.847987 0.502930 0.850106 0.503174 0.850636 0.503662 0.850636 0.504150 0.849047 0.504639 0.849047 0.504883 0.850106 0.504395 0.850636 0.504395 0.851165 0.505127 0.851165 0.505371 0.851695 0.505371 0.853284 0.505615 0.853284 0.505859 0.854343 0.506348 0.854873 0.506348 0.855403 0.507812 0.855403 0.508789 0.857521 0.508789 0.859640 0.509277 0.860169 0.509277 0.861229 0.509521 0.861758 0.509766 0.860699 0.511230 0.860699 0.511719 0.863347 0.512207 0.864407 0.513672 0.864407 0.513916 0.864936 0.513672 0.865466 0.514160 0.867055 0.514648 0.867585 0.514648 0.868114 0.515869 0.868114 0.516113 0.869174 0.516846 0.869174 0.517334 0.870233 0.517090 0.870763 0.517334 0.871292 0.517334 0.872352 0.518555 0.872881 0.518799 0.873941 0.519287 0.874470 0.519287 0.875000 0.519531 0.874470 0.520996 0.874470 0.521484 0.873411 0.521240 0.872352 0.521484 0.871292 0.520996 0.869174 0.521729 0.868114 0.522705 0.868114 0.522949 0.869174 0.523682 0.869174 0.523926 0.870233 0.524170 0.870233 0.523926 0.869174 0.524170 0.868644 0.524658 0.868644 0.525391 0.870233 0.526123 0.870233 0.526367 0.870763 0.526123 0.868644 0.525879 0.868114 0.525391 0.868114 0.524658 0.866525 0.524658 0.865996 0.523682 0.864407 0.523682 0.863877 0.522949 0.864407 0.522461 0.863347 0.521729 0.863347 0.521484 0.862818 0.520508 0.863877 0.519531 0.863877 0.519043 0.862288 0.518555 0.861758 0.517578 0.861758 0.517334 0.861229 0.515869 0.860699 0.512939 0.857521 0.512207 0.855932 0.510742 0.854343 0.509033 0.850636 0.508057 0.851695 0.507324 0.850636 0.506592 0.850636 0.505127 0.847987 0.505127 0.846928 0.504395 0.845339 0.503906 0.845869 0.503906 0.846928
2 0.560059 0.832097 0.559814 0.832627 0.559570 0.832627 0.559082 0.833686 0.559082 0.835275 0.558594 0.836335 0.558838 0.836864 0.558838 0.837924 0.559082 0.838453 0.558838 0.838983 0.558105 0.838983 0.558105 0.840572 0.557861 0.841102 0.557617 0.841102 0.557617 0.844809 0.557373 0.845339 0.557129 0.845339 0.557129 0.846928 0.557373 0.846928 0.557617 0.847458 0.557617 0.849047 0.557373 0.849576 0.557129 0.849576 0.557129 0.851165 0.557373 0.851165 0.557617 0.851695 0.557617 0.852225 0.557861 0.852225 0.557861 0.851695 0.558105 0.851165 0.559082 0.853284 0.558594 0.854873 0.558838 0.855403 0.559082 0.855403 0.559814 0.856462 0.559814 0.854343 0.559570 0.853814 0.559570 0.852754 0.559814 0.852225 0.559814 0.851165 0.559326 0.850106 0.559082 0.850106 0.559082 0.850636 0.558594 0.851695 0.558350 0.851695 0.558105 0.851165 0.558105 0.849047 0.558594 0.847987 0.559082 0.847987 0.559082 0.846398 0.558838 0.845869 0.558594 0.844280 0.558105 0.843220 0.558105 0.841631 0.558350 0.841102 0.558350 0.840042 0.558594 0.839513 0.558838 0.839513 0.559082 0.840042 0.559082 0.841102 0.559326 0.841631 0.559326 0.842161 0.559082 0.842691 0.559326 0.842161 0.559570 0.842691 0.559570 0.842161 0.559326 0.841631 0.559570 0.841102 0.560547 0.841102 0.560791 0.840572 0.560791 0.840042 0.561279 0.838453 0.561279 0.837924 0.560791 0.836335 0.560791 0.834746 0.561035 0.834216 0.561035 0.833686 0.560791 0.833157 0.560791 0.832627 0.560547 0.832627 0.560791 0.833157 0.560547 0.833686 0.560303 0.833686 0.560059 0.833157
2 0.541992 0.831038 0.541992 0.833157 0.542725 0.834746 0.543213 0.840572 0.543945 0.842691 0.544434 0.841631 0.544434 0.838983 0.543213 0.838453 0.543701 0.837394 0.544189 0.837394 0.544434 0.836335 0.546631 0.836335 0.546875 0.838453 0.548096 0.838453 0.548340 0.839513 0.549561 0.839513 0.549805 0.840572 0.549316 0.841631 0.550049 0.840572 0.550293 0.842691 0.551025 0.842691 0.551025 0.841631 0.552002 0.838453 0.552979 0.838453 0.553223 0.840572 0.552734 0.841631 0.553223 0.842691 0.552734 0.843750 0.553223 0.844809 0.552734 0.845339 0.553223 0.846398 0.553223 0.847987 0.553711 0.849047 0.554688 0.849576 0.554688 0.852225 0.553711 0.852754 0.554443 0.854873 0.554443 0.856462 0.555420 0.856462 0.556152 0.858051 0.556152 0.859640 0.556396 0.859640 0.556396 0.855932 0.555176 0.855932 0.554932 0.855403 0.555420 0.854343 0.555420 0.852754 0.555908 0.852225 0.555908 0.850636 0.556396 0.850106 0.556396 0.843220 0.555176 0.843220 0.554932 0.842161 0.554443 0.845339 0.553955 0.844280 0.553955 0.842161 0.553467 0.841631 0.553467 0.840042 0.553955 0.838983 0.552246 0.836864 0.551758 0.836864 0.551025 0.834746 0.551514 0.833157 0.551758 0.834746 0.552002 0.833157 0.551270 0.832097 0.551025 0.833157 0.550537 0.831568 0.550781 0.829979 0.551514 0.829449 0.552246 0.829979 0.552979 0.826271 0.552002 0.828390 0.550781 0.827860 0.551025 0.828390 0.550781 0.829979 0.549316 0.831038 0.549316 0.832097 0.549805 0.833157 0.550537 0.832627 0.551025 0.835275 0.550781 0.835805 0.549561 0.835275 0.549072 0.838983 0.548340 0.838983 0.548096 0.836864 0.546875 0.836864 0.546631 0.835805 0.547119 0.834746 0.546143 0.835275 0.545898 0.834746 0.545166 0.835275 0.544922 0.834216 0.544189 0.834746 0.542969 0.833157 0.543213 0.831038 0.542969 0.830508
2 0.552246 0.813030 0.552246 0.813559 0.552734 0.814619 0.552734 0.816208 0.552490 0.816737 0.552246 0.816737 0.552246 0.817267 0.552490 0.817267 0.552490 0.816737 0.552734 0.816208 0.552979 0.816208 0.553223 0.816737 0.553223 0.817267 0.553467 0.817267 0.553711 0.817797 0.553711 0.818326 0.554443 0.818326 0.554688 0.818856 0.554688 0.819386 0.554443 0.819915 0.553711 0.819915 0.553711 0.820445 0.553955 0.820445 0.554199 0.820975 0.553955 0.821504 0.553711 0.821504 0.553467 0.822034 0.552734 0.822034 0.552734 0.822564 0.552979 0.822564 0.553223 0.823093 0.553223 0.823623 0.553467 0.823623 0.553955 0.822564 0.554199 0.822564 0.554688 0.823623 0.554688 0.824153 0.554932 0.824153 0.554932 0.823623 0.555420 0.822564 0.555420 0.819915 0.554932 0.818856 0.554688 0.818856 0.554443 0.818326 0.554443 0.815678 0.553711 0.815678 0.553467 0.815148 0.553467 0.814619 0.553223 0.814619 0.552979 0.814089 0.552979 0.813559 0.552490 0.813559
2 0.566406 0.812500 0.566406 0.813030 0.566650 0.813559 0.566650 0.814089 0.566406 0.814619 0.566406 0.817267 0.567139 0.818856 0.567139 0.819386 0.568359 0.819386 0.568848 0.820445 0.569092 0.820445 0.569336 0.819915 0.569580 0.819915 0.569824 0.819386 0.570068 0.819386 0.570312 0.818856 0.570312 0.816737 0.570068 0.816208 0.570068 0.814619 0.569580 0.813559 0.569580 0.813030 0.569092 0.813030 0.568848 0.813559 0.568359 0.813559 0.568115 0.814089 0.567627 0.813030 0.567383 0.813030 0.566895 0.811970 0.566650 0.811970
2 0.548828 0.795551 0.548828 0.798199 0.548340 0.798729 0.548340 0.801377 0.548828 0.801907 0.548828 0.803496 0.549072 0.803496 0.549316 0.804555 0.549072 0.805085 0.548096 0.805085 0.547852 0.805614 0.548096 0.806144 0.547852 0.806674 0.546875 0.807203 0.546875 0.807733 0.547363 0.808792 0.548584 0.808792 0.548828 0.809322 0.548828 0.810911 0.548340 0.811441 0.548340 0.811970 0.547852 0.812500 0.547852 0.813030 0.549072 0.813030 0.549316 0.811970 0.549805 0.812500 0.550293 0.812500 0.550537 0.811970 0.550537 0.810911 0.550293 0.810381 0.549316 0.810381 0.549072 0.809852 0.549072 0.806674 0.549561 0.805614 0.550049 0.806144 0.550293 0.805614 0.550049 0.805085 0.550293 0.804555 0.551270 0.805614 0.550781 0.806144 0.551025 0.806674 0.551270 0.806674 0.551758 0.804555 0.552002 0.804555 0.552246 0.805614 0.552979 0.805614 0.553223 0.806144 0.553223 0.808792 0.553467 0.808792 0.553711 0.809852 0.554199 0.810381 0.554199 0.810911 0.554443 0.810911 0.554443 0.806674 0.554199 0.805614 0.554688 0.804555 0.554932 0.804555 0.555176 0.805085 0.555176 0.806674 0.555420 0.807203 0.555176 0.807733 0.555176 0.811970 0.555664 0.811970 0.555908 0.811441 0.555420 0.810911 0.555664 0.809852 0.555664 0.804555 0.555176 0.803496 0.554932 0.803496 0.554443 0.805085 0.552246 0.805085 0.552002 0.804555 0.552002 0.802966 0.552246 0.802436 0.553467 0.802436 0.553467 0.800847 0.552979 0.800318 0.552979 0.797140 0.553223 0.796610 0.553467 0.797140 0.553223 0.796610 0.552979 0.797140 0.552734 0.796610 0.551758 0.796610 0.551758 0.797140 0.551270 0.797669 0.551025 0.798729 0.550781 0.798199 0.550781 0.795021 0.550537 0.796081 0.550293 0.795551 0.550293 0.794492 0.550049 0.795551
2 0.559570 0.778602 0.559570 0.779131 0.560059 0.780191 0.560059 0.781780 0.560303 0.782309 0.560059 0.782839 0.559814 0.782839 0.560547 0.784428 0.560547 0.786017 0.560791 0.786547 0.560791 0.787076 0.561035 0.787606 0.561279 0.787606 0.561523 0.788136 0.561523 0.788665 0.561279 0.789195 0.561279 0.789725 0.561523 0.790254 0.561523 0.790784 0.561768 0.790784 0.562012 0.791314 0.562256 0.791314 0.562500 0.791843 0.562500 0.792373 0.562988 0.792373 0.563232 0.791843 0.564453 0.791843 0.564697 0.792373 0.564941 0.792373 0.565186 0.792903 0.565430 0.792903 0.565918 0.793962 0.565918 0.790784 0.565674 0.790254 0.565674 0.789725 0.562744 0.783369 0.562744 0.782839 0.562500 0.783369 0.562256 0.783369 0.562012 0.782839 0.562012 0.782309 0.561523 0.781250 0.561523 0.780191 0.561279 0.779661 0.561279 0.779131 0.561035 0.778602 0.561279 0.778072 0.560059 0.778072 0.559814 0.778602
2 0.542480 0.773305 0.542480 0.774894 0.542969 0.775424 0.542969 0.777013 0.542725 0.777542 0.542969 0.778602 0.542480 0.779661 0.542480 0.781250 0.542969 0.781780 0.542969 0.784428 0.543213 0.784428 0.543457 0.785487 0.544678 0.785487 0.544922 0.786017 0.544922 0.787606 0.544678 0.788136 0.544189 0.787606 0.543945 0.788136 0.543701 0.787606 0.543457 0.788136 0.542969 0.788136 0.542969 0.790254 0.543213 0.790784 0.543457 0.789725 0.544678 0.789725 0.544678 0.788136 0.545166 0.787606 0.545166 0.786017 0.545654 0.785487 0.545898 0.784428 0.546631 0.784428 0.546875 0.785487 0.549072 0.785487 0.549316 0.786547 0.550293 0.785487 0.550781 0.786547 0.550781 0.788136 0.550537 0.788665 0.550293 0.788136 0.549805 0.788136 0.549561 0.788665 0.549316 0.788136 0.548340 0.788136 0.548340 0.789725 0.549072 0.789725 0.549316 0.790254 0.549316 0.792903 0.551025 0.792903 0.551270 0.793962 0.552002 0.793962 0.552246 0.795021 0.552979 0.793962 0.552979 0.792373 0.553467 0.791843 0.553467 0.791314 0.552979 0.790784 0.552979 0.788136 0.552734 0.788136 0.552002 0.790254 0.550781 0.790254 0.550537 0.789725 0.550537 0.788665 0.551025 0.787606 0.551514 0.787606 0.551514 0.782839 0.551270 0.782839 0.551025 0.781780 0.550781 0.781780 0.550781 0.783369 0.550293 0.783898 0.550049 0.784958 0.548828 0.784958 0.548584 0.783898 0.546875 0.783898 0.546631 0.783369 0.546631 0.781780 0.546875 0.781250 0.548584 0.781250 0.548828 0.780191 0.550537 0.780191 0.550537 0.779661 0.549316 0.779661 0.549072 0.779131 0.549072 0.778602 0.549561 0.778072 0.549561 0.776483 0.550049 0.775953 0.550049 0.775424 0.549805 0.775424 0.549561 0.774364 0.548584 0.772775 0.548584 0.771186 0.547363 0.771186 0.547119 0.772246 0.546875 0.772246 0.546631 0.771186 0.544922 0.771186 0.544922 0.773835 0.544678 0.774364 0.544434 0.774364 0.543701 0.772246 0.543457 0.772246 0.543213 0.773305 0.542969 0.772775 0.542725 0.773835
2 0.626709 0.737288 0.625000 0.739936 0.624756 0.744174 0.622559 0.737288 0.621338 0.739936 0.620605 0.737288 0.619873 0.741525 0.617188 0.738877 0.618408 0.748941 0.620117 0.751059 0.620605 0.757945 0.622070 0.760593 0.621338 0.769068 0.621094 0.765890 0.618896 0.763242 0.620117 0.778072 0.619873 0.774894 0.620850 0.776483 0.621582 0.773835 0.622070 0.779131 0.622314 0.777542 0.623535 0.781780 0.621338 0.783369 0.621338 0.787606 0.623779 0.782309 0.623047 0.775953 0.625732 0.775953 0.626953 0.778602 0.625488 0.780191 0.625977 0.784428 0.625000 0.785487 0.625977 0.789195 0.625488 0.796081 0.623779 0.796610 0.623779 0.791314 0.621582 0.792373 0.622559 0.796081 0.621094 0.796610 0.621094 0.801377 0.625000 0.800847 0.625000 0.805614 0.623535 0.805085 0.624023 0.810911 0.622314 0.815678 0.620361 0.815148 0.620605 0.811441 0.618164 0.814089 0.618652 0.820975 0.619629 0.822034 0.619141 0.827860 0.620361 0.826271 0.619873 0.820975 0.620605 0.819386 0.622803 0.819386 0.622559 0.821504 0.623535 0.822034 0.621094 0.824682 0.622070 0.835275 0.620850 0.835275 0.620361 0.829979 0.620605 0.837394 0.618164 0.841102 0.618164 0.846928 0.616211 0.847458 0.616699 0.852754 0.613525 0.859110 0.611816 0.855403 0.611816 0.859640 0.613770 0.861229 0.614258 0.865996 0.615723 0.866525 0.615479 0.869703 0.616455 0.869174 0.614014 0.859110 0.615723 0.855932 0.617432 0.857521 0.618652 0.852754 0.618408 0.846398 0.620117 0.845339 0.622314 0.840042 0.625488 0.823093 0.624268 0.817797 0.626953 0.811441 0.625732 0.807203 0.627197 0.804025 0.625244 0.804025 0.628662 0.800318 0.629150 0.796081 0.630859 0.797140 0.631592 0.793432 0.629395 0.792373 0.628662 0.788136 0.629150 0.781780 0.628662 0.780720 0.628418 0.782839 0.628174 0.780191 0.629639 0.778072 0.627686 0.775953 0.627686 0.772775 0.629150 0.769597 0.625244 0.762182 0.625977 0.759004 0.627441 0.759004 0.624756 0.752119 0.625000 0.748941 0.625977 0.750530 0.625244 0.745233 0.626709 0.744174
2 0.462402 0.718220 0.462402 0.719809 0.463135 0.719809 0.463379 0.720339 0.463379 0.720869 0.465088 0.720869 0.465332 0.720339 0.465576 0.720869 0.467285 0.720869 0.467529 0.720339 0.467773 0.720339 0.468018 0.719809 0.468262 0.720339 0.468262 0.719809 0.468018 0.719809 0.467773 0.719280 0.467773 0.718750 0.467529 0.718750 0.467285 0.718220 0.466553 0.718220 0.466064 0.719280 0.465820 0.718750 0.465576 0.718750 0.465332 0.718220 0.464355 0.718220 0.464111 0.717691 0.464111 0.717161 0.465088 0.715042 0.465088 0.712394 0.464844 0.712394 0.464844 0.714513 0.464600 0.715042 0.464355 0.715042 0.464355 0.716631 0.464111 0.717161 0.463379 0.717161 0.463379 0.717691 0.463135 0.718220
2 0.485352 0.703390 0.484375 0.703390 0.484375 0.703919 0.484131 0.704449 0.482910 0.704449 0.482910 0.708157 0.483154 0.708157 0.483398 0.708686 0.483398 0.709216 0.483643 0.709216 0.483887 0.709746 0.483887 0.710275 0.484131 0.710275 0.484375 0.710805 0.484375 0.711335 0.484619 0.711335 0.485107 0.712394 0.484619 0.713453 0.484375 0.712924 0.484131 0.713453 0.483643 0.713453 0.483398 0.712924 0.483398 0.713983 0.483643 0.714513 0.483643 0.715042 0.483887 0.715572 0.484131 0.715572 0.484131 0.714513 0.484619 0.713453 0.485596 0.713453 0.485596 0.712924 0.485840 0.712394 0.486328 0.712394 0.486328 0.711864 0.485596 0.711864 0.485352 0.711335 0.485840 0.710275 0.486084 0.710275 0.486084 0.709746 0.485840 0.709746 0.485596 0.709216 0.485596 0.708686 0.485352 0.709216 0.485107 0.708686 0.485107 0.703919
2 0.486328 0.703390 0.486328 0.704979 0.486572 0.704979 0.486816 0.705508 0.486816 0.706038 0.487549 0.706038 0.487793 0.706568 0.487793 0.707097 0.488037 0.707097 0.488037 0.706568 0.488281 0.706038 0.489014 0.706038 0.489258 0.706568 0.489258 0.707097 0.489502 0.707097 0.489746 0.707627 0.489746 0.708157 0.489990 0.708157 0.490234 0.708686 0.490234 0.709216 0.490479 0.709216 0.490723 0.709746 0.490723 0.710805 0.490967 0.711335 0.490967 0.712394 0.490723 0.712924 0.490723 0.713453 0.490967 0.712924 0.491211 0.712924 0.491943 0.711335 0.492188 0.711864 0.492676 0.711864 0.492920 0.711335 0.492920 0.709216 0.492676 0.708686 0.492676 0.708157 0.492432 0.707627 0.492188 0.707627 0.491943 0.707097 0.491943 0.706038 0.491699 0.705508 0.491211 0.705508 0.490967 0.704979 0.490967 0.704449 0.490234 0.704449 0.489990 0.703919 0.489990 0.703390 0.490234 0.702860 0.490479 0.702860 0.490479 0.702331 0.490234 0.702331 0.489990 0.701801 0.489990 0.701271 0.488770 0.701271 0.488770 0.701801 0.488525 0.702331 0.488037 0.701271 0.487305 0.701271 0.487305 0.702860 0.487061 0.703390
2 0.510498 0.703390 0.510742 0.703919 0.510498 0.704449 0.510498 0.704979 0.510742 0.705508 0.510742 0.708157 0.510986 0.708157 0.511230 0.708686 0.511230 0.709216 0.511475 0.709216 0.511475 0.707627 0.511719 0.707097 0.511963 0.707097 0.511963 0.706568 0.512207 0.706038 0.512939 0.706038 0.512939 0.705508 0.513184 0.704979 0.513428 0.704979 0.513672 0.705508 0.513672 0.706038 0.513916 0.706038 0.514160 0.706568 0.514160 0.707097 0.515381 0.707097 0.515625 0.707627 0.515625 0.709216 0.515381 0.709746 0.514160 0.709746 0.514160 0.710275 0.513916 0.710805 0.513672 0.710805 0.513672 0.711335 0.513916 0.711335 0.514160 0.711864 0.514160 0.712394 0.514404 0.712394 0.514648 0.712924 0.514648 0.713453 0.515137 0.712394 0.515625 0.713453 0.516113 0.713453 0.516357 0.712924 0.516602 0.712924 0.517090 0.711864 0.517090 0.707097 0.517090 0.711335 0.516846 0.711864 0.516602 0.711864 0.516357 0.711335 0.516357 0.709746 0.515869 0.708686 0.515869 0.706568 0.516113 0.706038 0.516357 0.706038 0.516357 0.705508 0.516113 0.705508 0.516113 0.706038 0.515869 0.706568 0.515625 0.706568 0.515381 0.706038 0.515381 0.703390 0.515137 0.702860 0.515137 0.700742 0.514404 0.700742 0.514160 0.700212 0.514160 0.700742 0.514404 0.700742 0.514893 0.702331 0.514893 0.702860 0.514648 0.703390 0.513184 0.703390 0.512939 0.703919 0.512695 0.703390 0.511719 0.703390 0.511719 0.704449 0.511475 0.704979 0.510986 0.703390
2 0.469238 0.697034 0.469238 0.697564 0.469482 0.697564 0.469727 0.698093 0.469727 0.698623 0.470459 0.698623 0.470703 0.698093 0.470947 0.698093 0.471191 0.698623 0.471924 0.698623 0.472168 0.699153 0.472168 0.699682 0.472412 0.699682 0.472656 0.700212 0.472656 0.700742 0.472900 0.700742 0.473389 0.699682 0.473877 0.699682 0.474365 0.698623 0.474365 0.698093 0.474121 0.698093 0.473877 0.697564 0.473877 0.695975 0.472656 0.695975 0.472168 0.697034 0.471924 0.697034 0.471680 0.696504 0.471436 0.696504 0.471191 0.695975 0.470459 0.695975 0.469971 0.697034
2 0.513428 0.700742 0.512695 0.700212 0.512451 0.701271 0.511963 0.701271 0.510986 0.700212 0.509766 0.700212 0.508789 0.698093 0.508057 0.699153 0.507568 0.697564 0.507568 0.695975 0.506104 0.697034 0.505615 0.695445 0.506104 0.694386 0.506592 0.694915 0.507080 0.693326 0.506348 0.691737 0.505615 0.693326 0.505371 0.692797 0.505615 0.694386 0.504639 0.695975 0.503418 0.695975 0.502686 0.693326 0.501709 0.693856 0.500000 0.693326 0.499023 0.695445 0.498779 0.694915 0.499023 0.692797 0.498535 0.692797 0.498291 0.694386 0.500000 0.698093 0.501221 0.697564 0.501465 0.698623 0.501953 0.698093 0.503174 0.698623 0.503662 0.697564 0.504395 0.699682 0.503906 0.701271 0.502441 0.703390 0.504150 0.706568 0.503662 0.708686 0.502930 0.708686 0.502930 0.709216 0.503662 0.709746 0.503906 0.711864 0.503662 0.712394 0.502930 0.711864 0.502686 0.712924 0.501953 0.712924 0.501709 0.710805 0.500488 0.710275 0.500000 0.710805 0.499756 0.712394 0.497070 0.711864 0.496826 0.712924 0.496338 0.712394 0.496582 0.713453 0.496338 0.713983 0.496094 0.713453 0.496094 0.713983 0.497314 0.714513 0.497803 0.713453 0.498047 0.713983 0.498047 0.717161 0.498291 0.717691 0.499512 0.717691 0.500000 0.718750 0.500000 0.719809 0.500488 0.720339 0.500977 0.719809 0.500977 0.718750 0.499756 0.717691 0.499756 0.716631 0.500244 0.715572 0.500977 0.715572 0.502441 0.713453 0.503662 0.713453 0.503662 0.712394 0.504150 0.711335 0.504883 0.711335 0.505127 0.708686 0.504150 0.708157 0.504150 0.706568 0.504639 0.706038 0.504883 0.704449 0.504639 0.701271 0.504150 0.700212 0.504883 0.698623 0.505371 0.699153 0.506348 0.698623 0.507080 0.699682 0.507324 0.702331 0.506836 0.703390 0.506836 0.706038 0.507324 0.706038 0.508057 0.708157 0.508301 0.706038 0.508057 0.703390 0.508789 0.700742 0.509521 0.700742 0.510010 0.701801 0.510986 0.701271 0.512207 0.701801 0.512695 0.700742 0.513428 0.701801
2 0.489502 0.690148 0.489258 0.689619 0.488770 0.689619 0.488525 0.689089 0.488281 0.689089 0.488281 0.690148 0.488037 0.690678 0.487305 0.690678 0.486816 0.689619 0.485352 0.689619 0.485352 0.690148 0.485107 0.690678 0.484863 0.690678 0.484863 0.692267 0.485107 0.692267 0.485352 0.692797 0.485352 0.693326 0.485596 0.693326 0.485840 0.693856 0.485840 0.694386 0.485596 0.694915 0.485352 0.694915 0.485352 0.696504 0.485107 0.697034 0.484863 0.697034 0.484863 0.697564 0.485107 0.697034 0.485352 0.697034 0.485352 0.696504 0.485596 0.695975 0.485840 0.695975 0.486084 0.695445 0.486572 0.696504 0.487305 0.696504 0.487549 0.697034 0.488037 0.697034 0.488037 0.696504 0.488281 0.695975 0.488281 0.694915 0.488525 0.694386 0.488525 0.693856 0.488281 0.693856 0.488037 0.693326 0.488037 0.691737 0.488281 0.691208 0.489502 0.691208
2 0.479492 0.682733 0.479492 0.684322 0.479736 0.684322 0.480225 0.685381 0.480225 0.686970 0.479980 0.687500 0.479980 0.691208 0.480225 0.691208 0.480225 0.690678 0.480469 0.690148 0.481689 0.690148 0.481689 0.689619 0.481934 0.689089 0.482178 0.689089 0.482178 0.685911 0.481445 0.684322 0.481445 0.683792 0.481201 0.683792 0.480957 0.683263 0.480469 0.683263 0.480225 0.682733
2 0.447510 0.677966 0.447266 0.677966 0.447021 0.677436 0.447021 0.676907 0.446777 0.676907 0.446777 0.677436 0.446533 0.677966 0.445312 0.677966 0.445068 0.677436 0.444824 0.677436 0.445068 0.677436 0.445312 0.677966 0.445068 0.678496 0.444824 0.678496 0.444580 0.679025 0.444336 0.679025 0.444336 0.680614 0.444580 0.680614 0.444824 0.681144 0.444824 0.681674 0.444580 0.682203 0.444092 0.682203 0.444336 0.682733 0.444336 0.683792 0.444580 0.683263 0.444824 0.683792 0.445068 0.683263 0.445068 0.681674 0.445557 0.680614 0.446045 0.680614 0.446289 0.681144 0.446289 0.681674 0.446533 0.681674 0.446777 0.682203 0.446777 0.684852 0.446533 0.685381 0.446289 0.685381 0.447510 0.685381 0.447510 0.684322 0.447754 0.683792 0.447998 0.683792 0.447998 0.683263 0.447754 0.683263 0.447510 0.682733
2 0.467773 0.675847 0.467773 0.676377 0.467529 0.676907 0.467285 0.676907 0.467285 0.677436 0.467529 0.677436 0.467773 0.677966 0.467773 0.678496 0.467529 0.679025 0.467285 0.679025 0.467285 0.679555 0.467529 0.679555 0.467529 0.679025 0.467773 0.678496 0.468262 0.678496 0.468506 0.677966 0.468750 0.678496 0.468750 0.679025 0.468994 0.678496 0.469238 0.679025 0.469238 0.679555 0.469971 0.679555 0.470215 0.680085 0.470215 0.680614 0.470459 0.680614 0.470703 0.681144 0.470703 0.685381 0.470947 0.685381 0.471191 0.684852 0.471436 0.684852 0.471436 0.684322 0.471680 0.683792 0.471924 0.683792 0.471924 0.682203 0.471680 0.682203 0.471436 0.681674 0.471436 0.681144 0.471191 0.681144 0.470947 0.680614 0.470947 0.677966 0.468750 0.677966 0.468506 0.677436 0.468506 0.675847
2 0.461914 0.672140 0.461182 0.672140 0.460938 0.671610 0.460938 0.673199 0.460693 0.673729 0.460938 0.674258 0.460693 0.674788 0.459961 0.674788 0.459961 0.675318 0.459717 0.675847 0.458008 0.675847 0.458008 0.676907 0.457764 0.677436 0.457520 0.676907 0.457275 0.677436 0.457031 0.677436 0.457031 0.677966 0.456787 0.678496 0.456543 0.677966 0.456299 0.678496 0.456055 0.677966 0.455811 0.678496 0.455566 0.677966 0.455322 0.677966 0.455078 0.678496 0.454590 0.678496 0.454590 0.681674 0.455322 0.681674 0.455566 0.682203 0.455566 0.682733 0.455811 0.682733 0.456055 0.683263 0.456055 0.684852 0.456299 0.684852 0.456787 0.686441 0.456543 0.686970 0.456787 0.687500 0.456543 0.688030 0.456055 0.688030 0.456299 0.688030 0.456543 0.688559 0.456543 0.690148 0.456787 0.689619 0.457031 0.690148 0.457031 0.689619 0.457520 0.688030 0.458740 0.688030 0.458740 0.687500 0.458496 0.687500 0.458252 0.686970 0.458252 0.686441 0.458496 0.685911 0.458984 0.685911 0.459229 0.685381 0.459229 0.683263 0.459473 0.682733 0.460205 0.682203 0.459961 0.681674 0.459961 0.681144 0.460205 0.680614 0.460449 0.680614 0.460449 0.680085 0.460693 0.679555 0.460693 0.677966 0.460938 0.677436 0.462158 0.677436 0.462402 0.677966 0.462402 0.678496 0.462646 0.678496 0.462891 0.679025 0.462891 0.679555 0.463135 0.679025 0.462891 0.679025 0.462646 0.678496 0.462646 0.676907 0.461670 0.676907 0.461426 0.676377 0.461182 0.676907 0.460938 0.676907 0.460205 0.677966 0.459961 0.677966 0.459717 0.677436 0.459717 0.676907 0.459961 0.676377 0.460205 0.676377 0.460449 0.675847 0.460449 0.675318 0.461182 0.673729 0.461426 0.674258 0.461670 0.674258 0.461914 0.673729
2 0.461670 0.649364 0.461426 0.649364 0.461426 0.650953 0.461182 0.651483 0.461182 0.652013 0.460938 0.652542 0.460205 0.652542 0.459961 0.653072 0.459961 0.655191 0.460205 0.655191 0.460449 0.655720 0.460449 0.657309 0.460205 0.657839 0.459961 0.657839 0.459961 0.659428 0.459717 0.659958 0.459473 0.659958 0.459229 0.659428 0.459229 0.658898 0.458008 0.658898 0.458008 0.659428 0.457764 0.659958 0.457520 0.659958 0.457520 0.660487 0.457275 0.661017 0.456543 0.661017 0.456543 0.663665 0.457764 0.663665 0.458008 0.664195 0.458008 0.666843 0.458252 0.666843 0.458496 0.667373 0.458496 0.668432 0.458252 0.668962 0.458008 0.668962 0.457764 0.668432 0.457520 0.668432 0.457764 0.668432 0.458008 0.668962 0.458008 0.669492 0.458252 0.669492 0.458496 0.668962 0.458740 0.668962 0.458740 0.663136 0.459229 0.662076 0.459229 0.661017 0.459473 0.660487 0.460449 0.660487 0.460693 0.659958 0.460693 0.659428 0.460449 0.658898 0.460449 0.658369 0.460693 0.657839 0.460693 0.656780 0.461182 0.655720 0.461426 0.656250 0.461182 0.655720 0.461426 0.655191 0.461426 0.654661 0.461670 0.654131 0.461670 0.652013 0.461914 0.651483 0.461914 0.649894
2 0.458984 0.640890 0.458984 0.641419 0.458740 0.641949 0.458496 0.641949 0.458496 0.643538 0.459717 0.643538 0.459961 0.644068 0.459961 0.644597 0.459717 0.645127 0.459473 0.645127 0.459473 0.646716 0.459717 0.646716 0.459961 0.647246 0.459961 0.649894 0.460693 0.649894 0.460693 0.646716 0.460938 0.646186 0.460693 0.645657 0.460693 0.644068 0.460938 0.643538 0.461182 0.643538 0.461426 0.644068 0.461426 0.646716 0.461670 0.646716 0.461914 0.647246 0.461914 0.647775 0.461914 0.645657 0.462158 0.645127 0.462158 0.644068 0.461426 0.644068 0.461182 0.643538 0.461182 0.643008 0.460938 0.643008 0.460693 0.643538 0.460449 0.643008 0.460449 0.642479 0.460693 0.641949 0.460693 0.640890
2 0.517090 0.640890 0.516602 0.644597 0.519531 0.646186 0.518555 0.650953 0.520996 0.654661 0.520752 0.659428 0.517578 0.658898 0.518066 0.664725 0.515625 0.668432 0.517578 0.669492 0.517334 0.672669 0.515625 0.672140 0.518066 0.685381 0.517090 0.701271 0.519287 0.718750 0.516113 0.720339 0.513672 0.727225 0.517334 0.726165 0.518799 0.729343 0.516113 0.729873 0.520020 0.734110 0.522949 0.745233 0.523438 0.740996 0.528076 0.742055 0.525635 0.735699 0.526367 0.731462 0.528320 0.731992 0.529541 0.740996 0.530518 0.738877 0.529053 0.734110 0.530518 0.733581 0.532715 0.745233 0.531494 0.750000 0.530762 0.746292 0.529297 0.757945 0.536377 0.749470 0.536133 0.756886 0.540039 0.761653 0.540527 0.769597 0.542725 0.765360 0.542969 0.770657 0.544189 0.770657 0.544189 0.766949 0.545654 0.766949 0.542969 0.765890 0.542725 0.760593 0.546143 0.758475 0.543213 0.754767 0.545166 0.753178 0.543701 0.746822 0.546631 0.746292 0.543213 0.736229 0.545898 0.736758 0.546631 0.744174 0.546631 0.737288 0.548096 0.739936 0.549072 0.734110 0.551758 0.733051 0.552979 0.722458 0.550781 0.723517 0.549805 0.718220 0.548828 0.723517 0.546631 0.719280 0.548340 0.717691 0.545410 0.718220 0.547363 0.722458 0.546387 0.729343 0.548096 0.735169 0.539795 0.736229 0.535156 0.728814 0.532471 0.737288 0.531250 0.736229 0.531494 0.728814 0.533447 0.727754 0.531250 0.728814 0.530518 0.723517 0.528320 0.724576 0.527588 0.715042 0.528809 0.715042 0.528809 0.719809 0.531494 0.719809 0.530029 0.712394 0.532715 0.710805 0.528076 0.711335 0.529053 0.708157 0.527588 0.695445 0.526855 0.699153 0.525391 0.694386 0.526611 0.692797 0.525635 0.687500 0.527344 0.686441 0.527100 0.691737 0.528320 0.691208 0.527588 0.677966 0.525391 0.675318 0.524170 0.677436 0.523926 0.669492 0.521240 0.667373 0.519775 0.675318 0.518066 0.672669 0.518311 0.663136 0.520508 0.658898 0.523682 0.667903 0.524658 0.662606 0.525391 0.664725 0.526855 0.662606 0.524170 0.652013 0.526123 0.645657 0.524414 0.640360 0.524414 0.647775 0.523438 0.649364 0.522461 0.644068 0.522461 0.652013 0.520996 0.652542 0.521729 0.644597
2 0.452637 0.639301 0.452637 0.640360 0.452393 0.640890 0.452148 0.640890 0.451904 0.640360 0.451904 0.639831 0.451660 0.639831 0.451660 0.640360 0.451416 0.640890 0.451172 0.640890 0.451172 0.642479 0.450928 0.643008 0.450684 0.643008 0.450684 0.643538 0.450928 0.643538 0.451172 0.644068 0.451172 0.649894 0.450928 0.650424 0.450684 0.650424 0.450684 0.652013 0.450439 0.652542 0.449707 0.652542 0.449463 0.652013 0.449463 0.650424 0.449219 0.650424 0.449219 0.653072 0.449951 0.653072 0.450195 0.653602 0.450195 0.655720 0.450439 0.656250 0.450439 0.657309 0.450195 0.657839 0.450195 0.659428 0.449951 0.659958 0.449707 0.659958 0.449707 0.660487 0.449951 0.660487 0.450195 0.661017 0.450195 0.664195 0.450684 0.665254 0.450684 0.666843 0.450928 0.666843 0.451172 0.667373 0.451172 0.667903 0.451904 0.667903 0.451660 0.667373 0.451660 0.663665 0.451904 0.663136 0.451660 0.662606 0.451904 0.662076 0.451904 0.658898 0.451660 0.658898 0.451416 0.658369 0.451416 0.649364 0.451660 0.648835 0.451904 0.648835 0.451904 0.647246 0.452148 0.646716 0.452881 0.646716 0.453125 0.647246 0.453125 0.647775 0.453369 0.647775 0.453613 0.648305 0.453613 0.648835 0.453857 0.648835 0.454346 0.649894 0.454346 0.646716 0.454590 0.646186 0.454590 0.644068 0.454102 0.644068 0.454102 0.645657 0.453857 0.646186 0.453613 0.645657 0.453613 0.644068 0.453369 0.643538 0.453369 0.643008 0.452637 0.640360
2 0.563477 0.632415 0.563232 0.632415 0.563232 0.632945 0.562012 0.635593 0.561523 0.635593 0.561523 0.636123 0.561279 0.636653 0.561035 0.636653 0.561035 0.638242 0.560791 0.638771 0.560547 0.638771 0.560547 0.639301 0.560303 0.639831 0.560059 0.639831 0.559814 0.639301 0.559814 0.638771 0.559570 0.638771 0.559570 0.639301 0.559326 0.639831 0.559082 0.639831 0.558838 0.639301 0.558838 0.638771 0.558594 0.638771 0.558350 0.638242 0.558350 0.636123 0.558105 0.635593 0.557861 0.636123 0.557617 0.635593 0.556641 0.635593 0.556396 0.636123 0.556641 0.636653 0.555908 0.638242 0.555908 0.638771 0.555664 0.639301 0.555664 0.640360 0.555420 0.640890 0.555176 0.640890 0.555176 0.642479 0.555420 0.642479 0.555664 0.643008 0.555664 0.643538 0.555420 0.644068 0.554932 0.644068 0.554688 0.643538 0.554688 0.643008 0.554443 0.642479 0.554443 0.641949 0.554688 0.641419 0.554443 0.640890 0.554443 0.640360 0.554199 0.639831 0.553955 0.639831 0.553711 0.640360 0.553711 0.640890 0.554199 0.641949 0.554199 0.643008 0.554932 0.644068 0.554932 0.644597 0.555664 0.646186 0.555664 0.646716 0.555908 0.647246 0.556152 0.647246 0.556396 0.647775 0.556885 0.647775 0.558105 0.649364 0.558105 0.650424 0.558350 0.650953 0.558350 0.651483 0.558105 0.652013 0.558105 0.656780 0.558350 0.656250 0.558350 0.654661 0.558594 0.654131 0.558838 0.654131 0.558594 0.654131 0.558350 0.653602 0.558350 0.653072 0.558594 0.652542 0.558838 0.653072 0.559326 0.653072 0.559326 0.652542 0.559082 0.652542 0.558838 0.652013 0.559082 0.651483 0.558838 0.650953 0.558838 0.649894 0.559082 0.649364 0.558838 0.648835 0.559082 0.648305 0.559570 0.645657 0.560303 0.644597 0.561523 0.644597 0.561279 0.644597 0.560547 0.643008 0.560791 0.642479 0.561035 0.642479 0.560791 0.642479 0.560547 0.641949 0.561279 0.640890 0.561768 0.640890 0.562012 0.641419 0.562256 0.640890 0.562500 0.641419 0.562500 0.641949 0.562500 0.640890 0.563232 0.639831 0.563232 0.639301 0.563721 0.637712 0.563721 0.634004 0.563477 0.633475
2 0.448242 0.629237 0.448242 0.629767 0.447998 0.630297 0.447754 0.630297 0.447754 0.630826 0.447510 0.631356 0.447266 0.631356 0.447266 0.643538 0.447510 0.643538 0.447510 0.643008 0.447754 0.642479 0.447998 0.642479 0.447998 0.641419 0.448242 0.640890 0.448242 0.640360 0.448486 0.639831 0.448486 0.638242 0.448730 0.637712 0.448730 0.636123 0.448975 0.635593 0.448730 0.635064 0.448730 0.634534 0.448975 0.634004 0.448975 0.633475 0.449219 0.632945 0.448975 0.632415 0.448975 0.630826
2 0.556885 0.622881 0.556152 0.622881 0.556152 0.623941 0.555664 0.625000 0.555664 0.626589 0.555420 0.627119 0.555176 0.627119 0.555176 0.630826 0.555664 0.631886 0.555664 0.632945 0.555908 0.632415 0.556152 0.632945 0.556152 0.633475 0.556152 0.632945 0.556396 0.632415 0.556641 0.632415 0.556885 0.631886 0.556885 0.630297 0.556641 0.629767 0.556641 0.629237 0.556396 0.628708 0.556396 0.627119 0.556885 0.626059
2 0.511719 0.617585 0.511719 0.626059 0.511475 0.626589 0.511230 0.623941 0.510742 0.625000 0.510498 0.622881 0.510254 0.622881 0.510254 0.626589 0.509277 0.627119 0.509277 0.629767 0.508789 0.630297 0.508789 0.631886 0.508057 0.632945 0.507812 0.631356 0.507812 0.632415 0.506836 0.634534 0.506592 0.634004 0.506836 0.631356 0.506592 0.630297 0.506592 0.631886 0.505859 0.632415 0.505615 0.635064 0.506348 0.637182 0.506348 0.635593 0.506592 0.635064 0.506836 0.635593 0.506836 0.639831 0.507568 0.640360 0.508057 0.639301 0.508789 0.641419 0.509766 0.642479 0.510254 0.641949 0.510010 0.640890 0.510498 0.640360 0.510986 0.643008 0.510498 0.644597 0.511230 0.645657 0.511475 0.645127 0.511475 0.640890 0.510742 0.640890 0.510254 0.639831 0.510742 0.637182 0.511475 0.635593 0.511230 0.634004 0.511719 0.632945 0.513184 0.633475 0.513184 0.635064 0.512207 0.637182 0.513672 0.637712 0.513672 0.641419 0.512695 0.641949 0.512695 0.643008 0.513184 0.643538 0.514648 0.643008 0.514893 0.643538 0.513916 0.641419 0.514160 0.640360 0.514893 0.639831 0.514404 0.639301 0.514404 0.637712 0.514893 0.637182 0.515137 0.638242 0.516357 0.638242 0.516602 0.639301 0.517334 0.639301 0.517578 0.637712 0.517334 0.636123 0.517822 0.635064 0.518555 0.635064 0.518311 0.631886 0.518799 0.630297 0.518555 0.629237 0.517822 0.629237 0.517578 0.631886 0.517090 0.632415 0.516846 0.634534 0.516357 0.634534 0.515869 0.633475 0.514893 0.633475 0.514404 0.632415 0.514404 0.629237 0.515381 0.627648 0.515625 0.628178 0.515625 0.631886 0.515869 0.630297 0.516357 0.629767 0.515625 0.627119 0.514893 0.627648 0.513916 0.626059 0.513916 0.625000 0.514893 0.624470 0.514648 0.623941 0.515137 0.623411 0.514648 0.622881 0.514893 0.622352 0.514648 0.621822 0.514404 0.622352 0.513672 0.621822 0.513672 0.626589 0.511719 0.630297 0.511230 0.627648 0.511719 0.626059 0.511963 0.626589 0.511963 0.619703 0.512451 0.619174
2 0.556885 0.588453 0.556641 0.588453 0.556641 0.589513 0.556396 0.590042 0.556396 0.592161 0.556152 0.592691 0.556152 0.593750 0.555908 0.594280 0.555908 0.594809 0.555664 0.595339 0.555664 0.596398 0.555420 0.596928 0.555420 0.597458 0.555176 0.597987 0.555664 0.597987 0.555908 0.598517 0.555908 0.600106 0.555664 0.600636 0.556152 0.601695 0.556885 0.600106 0.557129 0.600106 0.557373 0.599576 0.557861 0.599576 0.558105 0.599047 0.558105 0.597458 0.557861 0.596928 0.557861 0.595339 0.557617 0.595339 0.556885 0.593750 0.556885 0.590572 0.557373 0.589513 0.557617 0.590042 0.557861 0.589513 0.557861 0.588983 0.557129 0.588983
2 0.475098 0.516949 0.474854 0.517479 0.474854 0.520127 0.474609 0.520657 0.474609 0.522246 0.474121 0.523305 0.474121 0.523835 0.473877 0.524364 0.473389 0.524364 0.473145 0.523835 0.472900 0.523835 0.472656 0.524364 0.472656 0.524894 0.473145 0.525953 0.473389 0.525953 0.473633 0.526483 0.473633 0.527013 0.473389 0.527542 0.473145 0.527542 0.473145 0.529661 0.473389 0.530191 0.473877 0.530191 0.474121 0.530720 0.474121 0.531250 0.474365 0.530720 0.474365 0.529131 0.474121 0.528602 0.474121 0.528072 0.474365 0.527542 0.474121 0.527542 0.473877 0.527013 0.473877 0.526483 0.474365 0.525424 0.474609 0.525424 0.474854 0.524894 0.475342 0.524894 0.475586 0.525424 0.475586 0.525953 0.475830 0.526483 0.476318 0.526483 0.476318 0.525424 0.476074 0.524894 0.475830 0.525424 0.475586 0.525424 0.475342 0.524894 0.475342 0.522246 0.475098 0.522246 0.474854 0.521716 0.474854 0.518538 0.475098 0.518008 0.475342 0.518538 0.475342 0.517479
2 0.471191 0.416843 0.470947 0.416843 0.470459 0.417903 0.469971 0.417903 0.469727 0.417373 0.468750 0.417373 0.468750 0.418432 0.468994 0.418432 0.469238 0.418962 0.469727 0.418962 0.470215 0.420021 0.470215 0.422140 0.469971 0.422669 0.469482 0.422669 0.468750 0.421081 0.468750 0.420551 0.468750 0.421081 0.468506 0.421610 0.468262 0.421610 0.468262 0.422140 0.467773 0.423199 0.467773 0.424788 0.467773 0.424258 0.468018 0.423729 0.468506 0.423729 0.468750 0.423199 0.468994 0.423729 0.468994 0.424788 0.469238 0.425318 0.469238 0.426377 0.469482 0.426907 0.469971 0.425847 0.469971 0.425318 0.470215 0.424788 0.470215 0.424258 0.470459 0.423729 0.470459 0.422669 0.470703 0.422140 0.470703 0.420021 0.470947 0.419492 0.470947 0.417903 0.471191 0.417373
2 0.408203 0.395657 0.408203 0.396716 0.410156 0.400424 0.409912 0.401483 0.407715 0.401483 0.407715 0.403602 0.408691 0.405191 0.409424 0.403602 0.410400 0.404131 0.411133 0.405720 0.410645 0.406250 0.410889 0.407839 0.411377 0.405720 0.412354 0.406250 0.412598 0.404131 0.412354 0.403602 0.413330 0.402013 0.413818 0.403602 0.413818 0.404661 0.415039 0.405720 0.414062 0.406780 0.413086 0.406250 0.412598 0.407839 0.412109 0.407839 0.411621 0.408898 0.411621 0.411017 0.416260 0.412606 0.417236 0.413665 0.418701 0.414195 0.419434 0.415254 0.419678 0.414725 0.419922 0.415784 0.422607 0.417373 0.425293 0.420021 0.425049 0.418962 0.425293 0.417373 0.424561 0.416314 0.425293 0.414725 0.425781 0.415254 0.425781 0.416314 0.427002 0.414195 0.425781 0.412606 0.426025 0.411547 0.426514 0.411547 0.426758 0.410487 0.427246 0.410487 0.427002 0.409428 0.427246 0.408369 0.426758 0.407839 0.426758 0.405191 0.426270 0.404131 0.426270 0.403072 0.425537 0.403072 0.423340 0.400953 0.423340 0.402013 0.423828 0.403072 0.423584 0.403602 0.423828 0.404661 0.423096 0.405720 0.422607 0.404661 0.422607 0.403602 0.421631 0.401483 0.420898 0.402013 0.420654 0.401483 0.419922 0.403072 0.419189 0.402542 0.417969 0.404131 0.417725 0.402542 0.416504 0.402542 0.416260 0.403602 0.415771 0.403602 0.415039 0.402013 0.414795 0.402542 0.413818 0.400953 0.413818 0.399894 0.414307 0.398305 0.416016 0.398835 0.415283 0.397775 0.414551 0.397775 0.414062 0.398835 0.413574 0.397246 0.412598 0.397246 0.411865 0.395657 0.411621 0.394068 0.410889 0.395657 0.409912 0.396186 0.409668 0.395657
2 0.354980 0.368644 0.354736 0.368644 0.354492 0.369174 0.354248 0.369174 0.354004 0.369703 0.353760 0.369174 0.353027 0.369174 0.352539 0.368114 0.352539 0.367585 0.352051 0.367585 0.351807 0.367055 0.351562 0.367055 0.351562 0.369174 0.351318 0.369703 0.351074 0.369174 0.351074 0.368114 0.350830 0.367585 0.350830 0.367055 0.350586 0.367055 0.350342 0.367585 0.350098 0.367585 0.349854 0.368114 0.349609 0.368114 0.349854 0.368114 0.350098 0.368644 0.350098 0.370233 0.350342 0.370763 0.350342 0.371292 0.350586 0.371822 0.350586 0.373411 0.350830 0.373411 0.351074 0.373941 0.351074 0.374470 0.350830 0.375000 0.350830 0.375530 0.351074 0.376059 0.351074 0.376589 0.350830 0.377119 0.350586 0.377119 0.350586 0.377648 0.350830 0.377648 0.351074 0.378178 0.351074 0.378708 0.351318 0.378178 0.351562 0.378178 0.351562 0.377648 0.351807 0.377119 0.351562 0.377119 0.351318 0.376589 0.351318 0.376059 0.351074 0.376059 0.350830 0.375530 0.350830 0.375000 0.351074 0.374470 0.351562 0.374470 0.351807 0.373941 0.352051 0.373941 0.352295 0.373411 0.353271 0.373411 0.353516 0.373941 0.353516 0.374470 0.354004 0.374470 0.354492 0.373411 0.354492 0.372881 0.354004 0.372881 0.353760 0.372352 0.353760 0.371292 0.354004 0.370763 0.354004 0.370233 0.354248 0.369703 0.354492 0.370233 0.354980 0.369174
2 0.025391 0.019597 0.024902 0.027013 0.023438 0.028602 0.023438 0.030720 0.026123 0.029661 0.027344 0.032309 0.027100 0.043432 0.029541 0.044492 0.030518 0.050847 0.030029 0.052966 0.028320 0.052966 0.028320 0.054555 0.030273 0.058792 0.029297 0.059852 0.030273 0.060381 0.030762 0.068326 0.029053 0.071504 0.027832 0.069386 0.027588 0.070445 0.026123 0.061970 0.026367 0.057733 0.024658 0.059852 0.023193 0.056144 0.023193 0.051377 0.024414 0.049258 0.021484 0.045021 0.021973 0.052436 0.024658 0.065148 0.026367 0.068326 0.025635 0.070445 0.028076 0.077331 0.030762 0.092691 0.031738 0.093220 0.033203 0.107521 0.035889 0.112288 0.035645 0.108581 0.037354 0.107521 0.037354 0.114407 0.039551 0.113347 0.039062 0.110699 0.039795 0.105932 0.038330 0.103814 0.039062 0.105932 0.038086 0.109110 0.037109 0.103814 0.037842 0.101695 0.036377 0.103284 0.034912 0.101165 0.035156 0.095339 0.037354 0.095339 0.040039 0.102225 0.041748 0.101695 0.043945 0.109110 0.042480 0.110169 0.041260 0.108051 0.041504 0.115996 0.042480 0.113877 0.044678 0.120233 0.046631 0.121292 0.045898 0.126059 0.046387 0.127648 0.044678 0.128708 0.045410 0.130297 0.047607 0.125530 0.050049 0.128708 0.051025 0.127119 0.052979 0.128708 0.053223 0.130826 0.054688 0.130826 0.051270 0.119703 0.048096 0.114936 0.048340 0.111758 0.046631 0.103814 0.045166 0.103814 0.044434 0.094280 0.040771 0.083157 0.040283 0.074682 0.037109 0.071504 0.037109 0.068856 0.037842 0.068326 0.037354 0.063030 0.035645 0.060911 0.032959 0.051907 0.031738 0.051907 0.031250 0.045551 0.029541 0.043432 0.030273 0.042373 0.027588 0.022775
2 0.012695 0.000000 0.012451 0.001059 0.014160 0.003708 0.013184 0.005297 0.013184 0.006886 0.012695 0.007415 0.012939 0.008475 0.012451 0.009534 0.012207 0.008475 0.010986 0.008475 0.010254 0.006886 0.009033 0.009004 0.010986 0.013242 0.012207 0.014831 0.012695 0.014301 0.012939 0.014831 0.012695 0.015360 0.012939 0.014831 0.012451 0.012712 0.012939 0.012182 0.012695 0.009004 0.013428 0.007945 0.014160 0.010064 0.014404 0.009534 0.017090 0.012712 0.017090 0.013771 0.017822 0.015360 0.016846 0.016949 0.016602 0.015890 0.016602 0.020127 0.016357 0.020657 0.015869 0.019068 0.016113 0.016419 0.015137 0.016949 0.015137 0.018538 0.014404 0.020127 0.013672 0.018538 0.013428 0.019068 0.013184 0.018538 0.013184 0.016949 0.012939 0.017479 0.014648 0.022246 0.014648 0.023305 0.015137 0.023835 0.015869 0.023305 0.016113 0.023835 0.015625 0.024364 0.016113 0.024364 0.016602 0.025424 0.016113 0.029131 0.017822 0.031780 0.020508 0.039195 0.020996 0.041843 0.021973 0.042903 0.021484 0.041843 0.021240 0.039725 0.021729 0.038665 0.022217 0.038665 0.022949 0.036017 0.023438 0.037076 0.023438 0.039195 0.023682 0.039725 0.023926 0.038136 0.022949 0.034958 0.023193 0.034428 0.022949 0.034958 0.022705 0.033369 0.022217 0.032839 0.022705 0.032309 0.022705 0.031250 0.021973 0.028602 0.021729 0.029661 0.021484 0.029131 0.021729 0.029661 0.021240 0.031250 0.020508 0.029661 0.020264 0.027542 0.020996 0.027013 0.021240 0.023305 0.021484 0.024894 0.021729 0.023835 0.021973 0.024364 0.021973 0.027013 0.023682 0.026483 0.023926 0.025953 0.023682 0.023305 0.023926 0.022775 0.024170 0.023305 0.023438 0.022246 0.022461 0.022246 0.021484 0.020657 0.021484 0.017479 0.021973 0.014831 0.021240 0.010064 0.020020 0.007415 0.018555 0.005826 0.018066 0.004237 0.017578 0.003708 0.017334 0.004237 0.016357 0.001589 0.016602 0.000000
