0 0.340088 0.996822 0.339111 0.991525 0.337402 0.987288 0.336914 0.984640 0.335449 0.980932 0.333984 0.978814 0.332520 0.977754 0.328857 0.977754 0.327393 0.978814 0.325195 0.981992 0.323486 0.981992 0.323242 0.981462 0.318115 0.981462 0.317871 0.980932 0.316406 0.980932 0.316162 0.980403 0.312012 0.980403 0.309326 0.981992 0.307373 0.984640 0.305664 0.987818 0.304199 0.991525 0.303467 0.994703 0.303467 0.999470 0.340088 0.999470
0 0.178711 0.850636 0.178223 0.851695 0.177979 0.851695 0.177246 0.853284 0.177246 0.853814 0.176514 0.855403 0.176514 0.855932 0.176270 0.856462 0.176270 0.856992 0.176025 0.857521 0.176025 0.858051 0.175781 0.858581 0.175781 0.863347 0.176514 0.861758 0.176514 0.861229 0.177002 0.860169 0.177002 0.859640 0.177246 0.859110 0.177246 0.857521 0.177490 0.856992 0.177490 0.856462 0.177734 0.855932 0.177734 0.855403 0.177979 0.854873 0.177979 0.854343 0.178223 0.853814 0.178223 0.853284 0.178711 0.852225
0 0.294678 0.494703 0.295410 0.514301 0.289795 0.535487 0.284668 0.579979 0.279297 0.598517 0.278320 0.611758 0.269287 0.655720 0.268799 0.671610 0.254883 0.740996 0.246338 0.802966 0.234131 0.858581 0.230225 0.896186 0.217285 0.956038 0.215332 0.988347 0.217529 0.999470 0.235352 0.999470 0.232422 0.984110 0.234375 0.976165 0.233398 0.961335 0.236816 0.950212 0.236816 0.934322 0.232178 0.915784 0.233887 0.891949 0.236816 0.879767 0.244385 0.883475 0.258301 0.878708 0.263184 0.869174 0.263428 0.858581 0.260498 0.845869 0.261230 0.834216 0.265625 0.823623 0.265625 0.814089 0.260010 0.797140 0.251709 0.789725 0.252197 0.782309 0.255127 0.773305 0.257080 0.737818 0.265137 0.686441 0.271973 0.663665 0.272217 0.653602 0.278320 0.643538 0.277100 0.623411 0.285645 0.600636 0.287109 0.589513 0.286133 0.569915 0.290283 0.536547 0.296143 0.513242
0 0.647705 0.329449 0.636963 0.331568 0.627686 0.350106 0.615479 0.358051 0.607666 0.341102 0.614746 0.360169 0.628662 0.351165 0.636719 0.334216 0.647461 0.332627 0.656738 0.399364 0.670166 0.418962 0.663574 0.442267 0.668701 0.485169 0.658447 0.515890 0.650635 0.521186 0.644775 0.546081 0.644531 0.566737 0.651611 0.585805 0.642578 0.635064 0.663574 0.663136 0.693359 0.662076 0.703369 0.690678 0.689209 0.730403 0.651123 0.726695 0.598389 0.753178 0.588135 0.797140 0.589600 0.812500 0.626709 0.827860 0.639893 0.842161 0.644043 0.867055 0.611572 0.895127 0.595215 0.924258 0.595947 0.981462 0.578857 0.975106 0.567383 0.999470 0.576904 0.981992 0.598633 0.981462 0.595703 0.925318 0.612549 0.895127 0.644287 0.873411 0.640381 0.838453 0.593018 0.807203 0.591553 0.792373 0.598145 0.755297 0.607666 0.743644 0.630127 0.744703 0.651367 0.728814 0.662354 0.737288 0.692139 0.730932 0.703857 0.694915 0.703125 0.679555 0.694824 0.662076 0.664795 0.661547 0.645508 0.632415 0.652588 0.585275 0.647461 0.569915 0.647705 0.549258 0.672119 0.487288 0.664795 0.454979 0.671875 0.418962 0.657227 0.397775
0 0.093506 0.302966 0.093506 0.305085 0.094971 0.311441 0.094727 0.323093 0.095215 0.325742 0.095215 0.328919 0.096924 0.332097 0.098389 0.337394 0.098633 0.350106 0.099121 0.351165 0.103271 0.350636 0.107910 0.353814 0.109375 0.355932 0.115723 0.358051 0.119385 0.361229 0.121094 0.361229 0.124512 0.352754 0.126953 0.350106 0.129883 0.345339 0.132812 0.343220 0.133789 0.341631 0.133301 0.335805 0.129395 0.328919 0.127930 0.323623 0.127930 0.311970 0.126953 0.304555 0.124268 0.301907 0.121338 0.297669 0.119629 0.292903 0.118408 0.292373 0.116699 0.289725 0.105713 0.290254 0.104492 0.293432 0.103027 0.295551 0.099854 0.297140 0.097168 0.297140
0 0.474854 0.131356 0.476807 0.139831 0.481445 0.143538 0.484619 0.141949 0.487305 0.136653 0.494873 0.135593 0.496338 0.148305 0.501953 0.160487 0.502441 0.176377 0.503906 0.181674 0.507324 0.185911 0.520508 0.191737 0.525879 0.216631 0.539551 0.250000 0.543457 0.253708 0.571045 0.264831 0.575928 0.278602 0.582764 0.290784 0.587891 0.311970 0.593018 0.320975 0.595947 0.329979 0.604980 0.337924 0.595215 0.327331 0.589355 0.313030 0.584473 0.290254 0.576904 0.280191 0.571289 0.262182 0.545166 0.253178 0.536133 0.240466 0.527344 0.207627 0.524170 0.200742 0.522705 0.192267 0.508057 0.185911 0.504395 0.181144 0.502930 0.175847 0.501709 0.157309 0.497314 0.148305 0.496338 0.136653 0.494873 0.133475 0.486572 0.136653 0.481445 0.141419 0.476807 0.137712
0 0.457764 0.061970 0.459717 0.066737 0.459961 0.066737 0.461182 0.068856 0.461182 0.069386 0.461426 0.069915 0.461426 0.071504 0.461670 0.072034 0.461670 0.073093 0.461914 0.073623 0.462402 0.076271 0.463135 0.077860 0.463135 0.078390 0.463623 0.079449 0.463867 0.079449 0.465820 0.082627 0.466553 0.083157 0.467529 0.085275 0.467529 0.085805 0.467773 0.086335 0.467773 0.087394 0.468018 0.087924 0.468506 0.090572 0.469971 0.094809 0.469971 0.096398 0.470215 0.096928 0.469971 0.097458 0.469971 0.105403 0.469971 0.099576 0.470215 0.099047 0.470215 0.097458 0.470459 0.096928 0.470215 0.096398 0.470215 0.094809 0.468750 0.091102 0.467529 0.085275 0.466553 0.083157 0.466309 0.083157 0.465820 0.082097 0.465576 0.082097 0.463867 0.077860 0.463867 0.077331 0.463135 0.074682 0.463135 0.069915 0.462891 0.069386 0.462891 0.067797 0.462646 0.067267 0.461670 0.067267 0.461426 0.066737 0.460205 0.066208 0.459717 0.065148 0.459473 0.065148 0.458984 0.064089 0.458740 0.064089
0 0.404785 0.014301 0.404541 0.014301 0.404297 0.013771 0.403809 0.013771 0.403320 0.012712 0.403076 0.012712 0.402588 0.011653 0.402344 0.011653 0.401611 0.010064 0.401611 0.009534 0.400879 0.007945 0.400879 0.007415 0.400635 0.006886 0.400635 0.006356 0.400391 0.005826 0.400391 0.005297 0.400391 0.005826 0.400146 0.006356 0.400146 0.006886 0.399902 0.007415 0.399902 0.007945 0.399170 0.009534 0.399170 0.010064 0.398193 0.012182 0.397949 0.012182 0.396484 0.015360 0.396240 0.015360 0.395752 0.016419 0.395508 0.016419 0.395020 0.017479 0.394775 0.017479 0.394531 0.018008 0.394043 0.018008 0.393799 0.018538 0.393311 0.018538 0.393066 0.019068 0.392822 0.019068 0.392090 0.020127 0.391602 0.020127 0.391357 0.020657 0.391113 0.020657 0.391357 0.020657 0.391602 0.020127 0.392090 0.020127 0.392334 0.019597 0.392578 0.019597 0.393311 0.018538 0.393799 0.018538 0.394043 0.018008 0.394531 0.018008 0.394775 0.017479 0.395264 0.017479 0.395752 0.016419 0.395996 0.016419 0.396484 0.015360 0.396729 0.015360 0.397461 0.013771 0.397949 0.013771 0.398193 0.013242 0.398682 0.013242 0.399170 0.012182 0.399414 0.012182 0.399902 0.011123 0.400146 0.011123 0.400635 0.010064 0.400635 0.009534 0.400879 0.009004 0.401123 0.009534 0.401123 0.010064 0.401611 0.011123 0.401855 0.011123 0.402344 0.012182 0.402588 0.012182 0.403076 0.013242 0.403564 0.013242 0.403809 0.013771 0.404297 0.013771 0.404541 0.014301
0 0.305176 0.000000 0.305176 0.004767 0.307129 0.011123 0.308594 0.013242 0.311523 0.014831 0.314453 0.019068 0.315186 0.024364 0.315186 0.029131 0.316650 0.034428 0.319336 0.038665 0.324951 0.043432 0.325439 0.046610 0.325439 0.055614 0.326172 0.058792 0.329590 0.067267 0.332764 0.070445 0.334229 0.074682 0.334473 0.087924 0.338135 0.105403 0.340088 0.108581 0.343262 0.110169 0.346436 0.108581 0.347900 0.106462 0.350098 0.099576 0.350586 0.090572 0.349854 0.095339 0.346924 0.101165 0.343750 0.102754 0.340576 0.101165 0.339111 0.099047 0.335693 0.087924 0.335693 0.078390 0.336182 0.075742 0.335693 0.071504 0.334961 0.069915 0.331543 0.067267 0.329102 0.063030 0.326416 0.052966 0.325928 0.043962 0.324707 0.041314 0.320312 0.038136 0.318359 0.035487 0.315918 0.028072 0.315674 0.019068 0.313965 0.015360 0.311279 0.013771 0.309082 0.010064 0.307617 0.004767 0.307617 0.000000
0 0.284668 0.000000 0.279785 0.010064 0.286133 0.045551 0.281250 0.070445 0.258789 0.092161 0.220947 0.056674 0.193604 0.057203 0.172363 0.026483 0.157227 0.053496 0.158203 0.068856 0.150879 0.082097 0.147705 0.115466 0.172607 0.143008 0.180908 0.180614 0.195801 0.184322 0.202148 0.198093 0.196289 0.217161 0.200439 0.280720 0.183350 0.286547 0.177002 0.300318 0.160156 0.300318 0.158447 0.356992 0.115723 0.399894 0.112793 0.414195 0.119629 0.429025 0.153320 0.442797 0.169434 0.470339 0.163818 0.496292 0.151611 0.485699 0.140869 0.494703 0.143066 0.513771 0.155762 0.532309 0.156738 0.569915 0.163086 0.581568 0.162842 0.611229 0.168701 0.622881 0.167725 0.660487 0.156494 0.692267 0.158936 0.719280 0.168213 0.731992 0.206299 0.743114 0.263428 0.493114 0.275146 0.467161 0.292236 0.475106 0.272705 0.463983 0.223633 0.495763 0.204102 0.477754 0.198486 0.507415 0.211914 0.523305 0.199219 0.533369 0.181641 0.503178 0.178711 0.475106 0.149658 0.432203 0.143799 0.396716 0.162842 0.346398 0.160645 0.303496 0.198242 0.289725 0.203613 0.266419 0.199707 0.216631 0.205566 0.202860 0.201904 0.186970 0.182373 0.174788 0.175049 0.141949 0.148926 0.115466 0.152344 0.084216 0.172363 0.032309 0.191406 0.058263 0.220703 0.058792 0.260010 0.095869 0.280029 0.076271 0.286133 0.057203
1 0.166992 0.039195 0.148926 0.114407 0.175049 0.141419 0.182373 0.174258 0.204102 0.190148 0.203857 0.266419 0.190186 0.299788 0.160889 0.303496 0.163086 0.346398 0.144043 0.396716 0.149902 0.432203 0.178711 0.474576 0.181885 0.503178 0.199219 0.532839 0.211670 0.523305 0.198242 0.507415 0.204102 0.477225 0.223633 0.495233 0.276611 0.463453 0.291748 0.473517 0.296387 0.505297 0.252441 0.782309 0.265869 0.814089 0.263428 0.869174 0.234131 0.891949 0.235596 0.999470 0.303223 0.999470 0.309326 0.981462 0.328857 0.977225 0.340332 0.999470 0.567139 0.999470 0.578857 0.974576 0.595947 0.980932 0.594971 0.924258 0.643799 0.867055 0.626709 0.828390 0.589355 0.812500 0.598145 0.753178 0.651123 0.726165 0.689209 0.729873 0.702881 0.691737 0.693359 0.662606 0.663574 0.663665 0.642334 0.635064 0.651367 0.585805 0.645752 0.536547 0.668457 0.485169 0.663330 0.442267 0.670166 0.421610 0.656494 0.399364 0.647705 0.333686 0.611572 0.359110 0.571045 0.265360 0.539551 0.250530 0.520508 0.192267 0.503662 0.181674 0.494873 0.136123 0.476807 0.140360 0.456787 0.059852 0.428223 0.057203 0.400879 0.009534 0.376465 0.036017 0.371582 0.068856 0.352051 0.084216 0.343262 0.110699 0.304932 0.000000 0.284912 0.000000 0.286377 0.057203 0.258301 0.096928 0.220703 0.059322 0.195312 0.061441
1 0.493164 0.011123 0.517090 0.087924 0.517578 0.175318 0.530273 0.188030 0.539307 0.237818 0.581055 0.260593 0.592529 0.251059 0.619873 0.274364 0.639893 0.243114 0.635254 0.204449 0.658936 0.194386 0.667969 0.206568 0.662842 0.234640 0.691162 0.237288 0.687988 0.272246 0.678467 0.289195 0.690918 0.309322 0.675049 0.438559 0.679443 0.495763 0.657227 0.567267 0.660156 0.597458 0.650391 0.625530 0.664795 0.639301 0.705566 0.641949 0.711670 0.661547 0.709473 0.690678 0.718994 0.707097 0.721680 0.734640 0.741211 0.754767 0.751953 0.732521 0.766357 0.737818 0.772461 0.722987 0.820801 0.728284 0.825439 0.699682 0.838379 0.702860 0.854004 0.676377 0.863525 0.679555 0.883545 0.595339 0.897461 0.585275 0.925293 0.593220 0.934082 0.561970 0.919434 0.517479 0.923340 0.494174 0.934570 0.480403 0.936279 0.411547 0.952881 0.395127 0.959229 0.371292 0.980957 0.353814 0.982910 0.322564 0.999756 0.311441 0.999756 0.000000 0.962646 0.000000 0.984863 0.053496 0.966797 0.104343 0.968018 0.137182 0.956299 0.152542 0.941406 0.132945 0.946289 0.091631 0.940918 0.069915 0.954346 0.051377 0.943359 0.025424 0.947754 0.000000 0.728760 0.000000 0.706055 0.055614 0.688721 0.070445 0.628662 0.036017 0.628906 0.000000 0.494873 0.000000
1 0.172852 0.567267 0.172852 0.568326 0.173340 0.569386 0.173584 0.569386 0.174072 0.570445 0.174316 0.570445 0.174561 0.570975 0.176025 0.570975 0.176270 0.571504 0.178223 0.571504 0.178467 0.572034 0.179199 0.572034 0.179443 0.571504 0.180908 0.571504 0.181152 0.570975 0.182129 0.570975 0.182373 0.570445 0.182373 0.568326 0.181641 0.566737 0.181396 0.566737 0.181152 0.566208 0.180420 0.566208 0.180176 0.565678 0.174561 0.565678 0.174316 0.566208 0.173828 0.566208 0.173584 0.566737 0.173096 0.566737
1 0.000244 0.433792 0.000000 0.554555 0.021484 0.563030 0.026367 0.575212 0.026611 0.588983 0.013184 0.612818 0.000000 0.618114 0.000000 0.999470 0.146240 0.999470 0.165039 0.928496 0.166260 0.911547 0.175537 0.877119 0.176270 0.855403 0.182129 0.847458 0.196289 0.791843 0.199219 0.756356 0.203613 0.745233 0.191162 0.745233 0.169678 0.733581 0.157715 0.715042 0.157715 0.680085 0.167480 0.660487 0.170410 0.643538 0.168457 0.622881 0.162598 0.611229 0.162842 0.581568 0.156494 0.569915 0.158691 0.552436 0.155029 0.530191 0.142822 0.513771 0.139893 0.487288 0.133545 0.476695 0.112305 0.478814 0.088867 0.493114 0.065674 0.493644 0.054443 0.478284 0.052490 0.456038 0.042236 0.453390 0.025879 0.462394 0.012207 0.432733
