0 0.775635 0.689089 0.775879 0.711335 0.773193 0.719280 0.768799 0.724576 0.768799 0.727754 0.771729 0.735699 0.771729 0.745233 0.769531 0.752119 0.763916 0.760593 0.754883 0.762182 0.755127 0.780191 0.750732 0.790254 0.749512 0.804025 0.752441 0.812500 0.753174 0.820975 0.759521 0.827860 0.765625 0.844809 0.768555 0.847458 0.772217 0.844280 0.780029 0.846398 0.787598 0.860169 0.793457 0.884534 0.806885 0.889831 0.807861 0.873411 0.809326 0.868114 0.812988 0.863347 0.822754 0.859110 0.824707 0.846398 0.830078 0.835275 0.830322 0.824153 0.831787 0.818856 0.842773 0.807203 0.842285 0.798729 0.837891 0.788136 0.838379 0.776483 0.829102 0.774364 0.825439 0.765360 0.825439 0.753708 0.826416 0.749470 0.830811 0.740996 0.834717 0.737818 0.823486 0.732521 0.820557 0.726695 0.818115 0.716631 0.813721 0.716631 0.808350 0.721398 0.802002 0.718220 0.798340 0.709216 0.798340 0.695975 0.796875 0.687500 0.785889 0.698623
0 0.055908 0.347987 0.078125 0.355932 0.080078 0.387182 0.123779 0.454979 0.138672 0.566737 0.114014 0.626589 0.119873 0.644597 0.165283 0.674258 0.189697 0.624470 0.259521 0.603284 0.264893 0.646186 0.244873 0.695445 0.245850 0.730932 0.272949 0.762182 0.315186 0.760593 0.286377 0.867585 0.241699 0.959216 0.237793 0.999470 0.634521 0.999470 0.652588 0.912606 0.693604 0.999470 0.725342 0.999470 0.687744 0.893538 0.696289 0.855932 0.687256 0.806144 0.730469 0.692267 0.725830 0.650424 0.793213 0.608051 0.791504 0.559322 0.815674 0.581568 0.833984 0.561441 0.834717 0.533898 0.847656 0.525424 0.839844 0.467161 0.856445 0.434322 0.840820 0.382415 0.874268 0.362288 0.895264 0.320975 0.880127 0.250530 0.898193 0.240466 0.918701 0.262182 0.962646 0.236229 0.965088 0.194386 0.999756 0.168432 0.999756 0.000000 0.344727 0.000000 0.323486 0.028602 0.328369 0.103814 0.348633 0.158369 0.335205 0.178496 0.283447 0.067797 0.261963 0.066208 0.255127 0.025953 0.233643 0.022246 0.220703 0.058263 0.182373 0.015890 0.125732 0.049788 0.142334 0.083686 0.142822 0.142479 0.126221 0.153072 0.133545 0.186970 0.077881 0.226695 0.082031 0.254237 0.067139 0.262182 0.072266 0.311441
2 0.558105 0.905191 0.556641 0.905191 0.555664 0.907309 0.555664 0.908369 0.555420 0.908898 0.555176 0.908898 0.555176 0.909428 0.554688 0.910487 0.554443 0.909958 0.553955 0.909958 0.553223 0.908369 0.553223 0.907309 0.552979 0.906780 0.552490 0.906780 0.552246 0.907309 0.552246 0.908369 0.552490 0.908898 0.552490 0.909958 0.553467 0.912076 0.553955 0.912076 0.554199 0.911547 0.554443 0.911547 0.554688 0.911017 0.555176 0.911017 0.555420 0.910487 0.555664 0.910487 0.556152 0.909428 0.556396 0.909428 0.556641 0.908898 0.556885 0.908898 0.557617 0.907309 0.557617 0.906780 0.558105 0.905720
2 0.501953 0.849576 0.500977 0.849047 0.499512 0.849047 0.498779 0.850106 0.498047 0.849576 0.497559 0.846928 0.494873 0.841631 0.494141 0.844809 0.492676 0.847987 0.493408 0.849576 0.493408 0.851165 0.491943 0.852754 0.490723 0.851165 0.489746 0.854343 0.489990 0.858581 0.490723 0.862288 0.490479 0.864936 0.490234 0.865466 0.489990 0.864936 0.489502 0.866525 0.488525 0.867585 0.486572 0.867055 0.485840 0.869174 0.486084 0.869703 0.485840 0.870233 0.485840 0.872352 0.485107 0.873941 0.484619 0.873941 0.480957 0.881886 0.480469 0.881886 0.479248 0.884004 0.478516 0.884534 0.478027 0.884004 0.477539 0.886653 0.476807 0.887712 0.475830 0.887712 0.474854 0.889831 0.475342 0.893008 0.475342 0.895657 0.476318 0.897246 0.477295 0.897246 0.477539 0.893538 0.478516 0.891419 0.480957 0.889301 0.481689 0.887182 0.482178 0.887182 0.483154 0.885064 0.483887 0.884534 0.487061 0.877119 0.487793 0.876589 0.488525 0.874470 0.490479 0.871822 0.491699 0.868114 0.492432 0.868114 0.493652 0.870233 0.494629 0.868114 0.494629 0.866525 0.495361 0.863877 0.496094 0.863347 0.496582 0.861758 0.497314 0.862288 0.497803 0.861758 0.498535 0.859640 0.498779 0.856992 0.499512 0.855403 0.499512 0.854343 0.500977 0.851165 0.501465 0.851165
2 0.496338 0.831038 0.496338 0.831568 0.497314 0.832097 0.497559 0.832627 0.500000 0.832627 0.501465 0.835275 0.501465 0.836335 0.501953 0.836864 0.502686 0.836864 0.503662 0.837924 0.503906 0.838983 0.504395 0.839513 0.504395 0.841102 0.504639 0.841631 0.504883 0.844809 0.505127 0.845339 0.505127 0.846928 0.505371 0.847458 0.505127 0.847987 0.505615 0.849047 0.506592 0.848517 0.506836 0.847987 0.507324 0.847987 0.507812 0.846928 0.509277 0.846928 0.509766 0.845869 0.510254 0.845869 0.510986 0.844809 0.511230 0.845339 0.511475 0.844809 0.512695 0.844809 0.513184 0.844280 0.513672 0.843220 0.514648 0.842161 0.515381 0.840572 0.515137 0.839513 0.516113 0.838453 0.516357 0.837394 0.516846 0.836335 0.517090 0.836335 0.517822 0.834216 0.517578 0.833686 0.517822 0.833157 0.517822 0.831038 0.517334 0.828919 0.516846 0.828919 0.516846 0.829449 0.516113 0.831038 0.515381 0.831568 0.514160 0.834216 0.510986 0.834216 0.510742 0.833686 0.509766 0.833157 0.508789 0.834216 0.509033 0.834746 0.508789 0.835275 0.507812 0.834746 0.507812 0.835805 0.507568 0.836335 0.507080 0.834216 0.507324 0.833686 0.507324 0.832627 0.507080 0.832627 0.506104 0.830508 0.505615 0.830508 0.505127 0.829449 0.504150 0.829449 0.503906 0.828919 0.503174 0.828919 0.502930 0.828390 0.501465 0.827860 0.501221 0.827331 0.499023 0.827331 0.498779 0.826801 0.498047 0.826801 0.497070 0.827860
2 0.549561 0.814619 0.548828 0.814089 0.548340 0.815678 0.547852 0.815678 0.547607 0.815148 0.547852 0.814089 0.547363 0.813030 0.546387 0.813559 0.545654 0.813030 0.544434 0.814089 0.543457 0.816208 0.542725 0.815148 0.542725 0.814089 0.541992 0.814089 0.541260 0.815678 0.541016 0.815148 0.540771 0.816208 0.540527 0.815148 0.540283 0.815678 0.539062 0.815678 0.537598 0.814619 0.536133 0.816208 0.534180 0.816208 0.533936 0.815678 0.532227 0.816208 0.532227 0.819386 0.531982 0.819915 0.532471 0.820975 0.531738 0.822034 0.531494 0.819915 0.531250 0.821504 0.531494 0.822564 0.531250 0.823093 0.530762 0.823093 0.530273 0.821504 0.529053 0.819915 0.527588 0.821504 0.527100 0.821504 0.526611 0.819915 0.525635 0.820445 0.523438 0.823093 0.522949 0.825742 0.523193 0.826801 0.523438 0.826271 0.523926 0.826801 0.523682 0.827331 0.524414 0.829449 0.524414 0.830508 0.523682 0.833157 0.523193 0.833157 0.522705 0.832097 0.522217 0.832627 0.521729 0.834216 0.521973 0.835275 0.521484 0.836335 0.521240 0.840042 0.522461 0.840042 0.522949 0.838453 0.523926 0.838453 0.524658 0.836335 0.526855 0.834216 0.529541 0.832627 0.529785 0.833157 0.530518 0.831568 0.530762 0.832097 0.530762 0.831038 0.532227 0.828390 0.533203 0.828390 0.533691 0.829449 0.533447 0.832627 0.534180 0.832627 0.536133 0.828390 0.539062 0.826801 0.540771 0.826801 0.541016 0.827331 0.541504 0.826801 0.542236 0.827331 0.544678 0.826801 0.546631 0.824682 0.548584 0.824682 0.548828 0.824153 0.550049 0.825212 0.550049 0.824153 0.550537 0.823623 0.550293 0.822034 0.550293 0.823093 0.550049 0.823623 0.549805 0.823093 0.549805 0.821504 0.550293 0.820975 0.549316 0.820445 0.549072 0.819386 0.549316 0.818326 0.548584 0.816737 0.548584 0.815678 0.548828 0.815148 0.549072 0.815678
2 0.654541 0.631886 0.665283 0.637712 0.686279 0.652013 0.693604 0.659428 0.700684 0.669492 0.703125 0.674788 0.707275 0.680614 0.709961 0.686970 0.710938 0.686441 0.708008 0.680085 0.708496 0.679025 0.709961 0.679555 0.710693 0.681674 0.711182 0.680614 0.712158 0.681674 0.713623 0.685911 0.713867 0.685381 0.713623 0.681674 0.712402 0.680614 0.700195 0.658369 0.689453 0.646186 0.674561 0.635593 0.666748 0.631356 0.666016 0.632415 0.665771 0.636123 0.662842 0.635593 0.660400 0.631886 0.659180 0.632415 0.658691 0.631356 0.659912 0.629237 0.660645 0.629237 0.661133 0.630297 0.660889 0.631356 0.661865 0.629767 0.661133 0.627648 0.658936 0.626059 0.657715 0.626589 0.656982 0.630826 0.655273 0.630826
2 0.630127 0.625530 0.629883 0.625000 0.629883 0.623941 0.630127 0.623411 0.630127 0.622881 0.629883 0.622352 0.630127 0.621822 0.629883 0.622352 0.629639 0.621822 0.629395 0.621822 0.629150 0.621292 0.628906 0.621292 0.628662 0.620763 0.629150 0.619703 0.629150 0.619174 0.626709 0.619174 0.626465 0.619703 0.624023 0.619703 0.623779 0.620233 0.622070 0.620233 0.622559 0.620233 0.622803 0.620763 0.623047 0.620763 0.623535 0.621822 0.624512 0.621822 0.624756 0.622352 0.624512 0.622881 0.624512 0.624470 0.624756 0.624470 0.625000 0.625000 0.625000 0.625530 0.625244 0.626059 0.625244 0.626589 0.627197 0.626589 0.627197 0.626059 0.627686 0.625000 0.627686 0.624470 0.628174 0.623411 0.628662 0.624470 0.628662 0.626059 0.628906 0.625530
2 0.582275 0.595339 0.582275 0.596398 0.582031 0.596928 0.581299 0.596928 0.581299 0.598517 0.581543 0.598517 0.582031 0.599576 0.582031 0.600106 0.582275 0.600636 0.581787 0.601695 0.581055 0.601695 0.581055 0.602225 0.581299 0.602225 0.581543 0.602754 0.581543 0.603284 0.581299 0.603814 0.581055 0.603814 0.581055 0.604343 0.581299 0.604343 0.581543 0.604873 0.581543 0.605403 0.582031 0.604343 0.582764 0.604343 0.583008 0.604873 0.583008 0.605403 0.583252 0.604873 0.583496 0.605403 0.583496 0.604873 0.583740 0.604343 0.583984 0.604873 0.583984 0.604343 0.583740 0.603814 0.583984 0.603284 0.583984 0.600106 0.583496 0.599047 0.583496 0.598517 0.583252 0.597987 0.583496 0.597458 0.583496 0.596928 0.583252 0.596398 0.583252 0.595339
2 0.575684 0.559322 0.575439 0.559852 0.575439 0.567267 0.575195 0.567797 0.575195 0.570975 0.575439 0.571504 0.575439 0.573623 0.575684 0.574153 0.575684 0.575742 0.575439 0.576271 0.575684 0.576801 0.575684 0.578390 0.575928 0.578390 0.576172 0.578919 0.576172 0.579979 0.576660 0.581568 0.576660 0.582627 0.576904 0.583157 0.576904 0.583686 0.577148 0.583686 0.577393 0.584216 0.577637 0.584216 0.578369 0.585275 0.578613 0.585275 0.578857 0.584746 0.579102 0.585275 0.579590 0.585275 0.580078 0.586335 0.580078 0.587924 0.580322 0.588453 0.580566 0.588453 0.580811 0.587924 0.581055 0.588453 0.581787 0.588983 0.582520 0.587394 0.582520 0.586864 0.582275 0.586335 0.582031 0.584746 0.581299 0.583157 0.581055 0.583157 0.580811 0.582627 0.580811 0.582097 0.578857 0.577860 0.578857 0.577331 0.578613 0.576801 0.578613 0.576271 0.578857 0.575742 0.578857 0.574153 0.579102 0.573623 0.578857 0.573093 0.579346 0.572034 0.579346 0.570975 0.579834 0.569915 0.580078 0.569915 0.580078 0.568326 0.580566 0.566737 0.580566 0.565148 0.580322 0.565148 0.580078 0.564619 0.580078 0.563030 0.579834 0.562500 0.579346 0.562500 0.579102 0.561970 0.579102 0.560911 0.578857 0.561441 0.578369 0.560381 0.577393 0.560381 0.577148 0.559852 0.576904 0.560381 0.576172 0.560381
2 0.525146 0.642479 0.523926 0.654131 0.536133 0.701801 0.536865 0.733581 0.582764 0.779661 0.590576 0.796610 0.587158 0.811970 0.570068 0.816737 0.571289 0.826271 0.603027 0.818326 0.608154 0.824682 0.583008 0.835275 0.584473 0.849047 0.566406 0.890360 0.568604 0.899364 0.574463 0.898835 0.593994 0.853284 0.618896 0.852754 0.641357 0.878708 0.694336 0.999470 0.727783 0.999470 0.714600 0.950742 0.677002 0.863877 0.680908 0.822034 0.705566 0.756886 0.717041 0.740996 0.715576 0.720869 0.728516 0.685381 0.724854 0.657839 0.693848 0.553496 0.690186 0.564089 0.719238 0.683263 0.701416 0.717691 0.657715 0.661547 0.623779 0.648835 0.663086 0.679025 0.696045 0.725636 0.666504 0.835275 0.656494 0.852225 0.629639 0.806144 0.597656 0.720339 0.598877 0.705508 0.591553 0.708157 0.588867 0.698623 0.582520 0.704979 0.591309 0.751589 0.588867 0.761123 0.572021 0.729343 0.564697 0.734110 0.567139 0.749470 0.545166 0.726165 0.532227 0.647775
2 0.577881 0.528602 0.577148 0.530191 0.576904 0.530191 0.576660 0.530720 0.576172 0.530720 0.576172 0.531250 0.575684 0.532309 0.575684 0.533369 0.576172 0.534428 0.576172 0.535487 0.575928 0.536017 0.575928 0.536547 0.576172 0.537076 0.576172 0.538665 0.577393 0.538665 0.577637 0.539195 0.577637 0.539725 0.577881 0.539725 0.578125 0.540254 0.578369 0.540254 0.578613 0.539725 0.578857 0.539725 0.579102 0.539195 0.579102 0.538665 0.578613 0.537606 0.578613 0.536547 0.578369 0.536017 0.578369 0.534428 0.578125 0.533898 0.577881 0.533898 0.577637 0.533369 0.577881 0.532839
2 0.392822 0.553496 0.393799 0.556674 0.395508 0.555614 0.397705 0.562500 0.426514 0.567797 0.435791 0.566737 0.459717 0.587394 0.465332 0.595339 0.467041 0.594809 0.478760 0.605932 0.480469 0.609110 0.479492 0.611758 0.482666 0.612288 0.495361 0.625530 0.500732 0.634534 0.501709 0.633475 0.502197 0.636653 0.503906 0.635064 0.512207 0.645127 0.511963 0.648835 0.515381 0.646716 0.514404 0.640890 0.515137 0.631886 0.508789 0.620763 0.505371 0.624470 0.504150 0.621822 0.504883 0.618114 0.499756 0.611229 0.500000 0.609110 0.483398 0.594809 0.481201 0.595339 0.478027 0.590042 0.474365 0.588453 0.472656 0.584216 0.471191 0.584746 0.472168 0.582097 0.470703 0.580508 0.470459 0.583157 0.468506 0.583686 0.468262 0.578390 0.459473 0.570445 0.456055 0.569915 0.454590 0.565678 0.449951 0.561441 0.446777 0.562500 0.445801 0.558263 0.437256 0.552436 0.425049 0.534428 0.415283 0.525424 0.410400 0.523835 0.409424 0.525953 0.413574 0.530720 0.413818 0.533369 0.416260 0.533898 0.417480 0.536547 0.416992 0.539725 0.424561 0.548729 0.424805 0.552966 0.415527 0.555085 0.414795 0.552966 0.404297 0.549788 0.396729 0.549788
2 0.571045 0.515890 0.571045 0.517479 0.571289 0.518008 0.570801 0.519068 0.570801 0.520127 0.570557 0.520657 0.570801 0.521186 0.571289 0.521186 0.571777 0.522246 0.572266 0.522246 0.572998 0.523835 0.573486 0.523835 0.573730 0.524364 0.573730 0.521186 0.572998 0.519597 0.572998 0.518538 0.573242 0.518008 0.573242 0.517479 0.573486 0.516949 0.573730 0.517479 0.573730 0.516419 0.573486 0.515890 0.572021 0.515890 0.571777 0.515360 0.571533 0.515890
2 0.546875 0.442267 0.546631 0.447564 0.546387 0.448093 0.548340 0.456038 0.549561 0.454979 0.550781 0.458157 0.550781 0.459216 0.551514 0.460275 0.551270 0.460805 0.551514 0.461864 0.551270 0.463983 0.552734 0.465042 0.552734 0.466102 0.553711 0.467691 0.554688 0.471398 0.555908 0.473517 0.555908 0.474576 0.557861 0.479873 0.559814 0.483051 0.561279 0.483051 0.561523 0.483581 0.561279 0.484640 0.561768 0.484640 0.561523 0.484110 0.561768 0.483581 0.562500 0.484110 0.562500 0.485699 0.563232 0.486758 0.563232 0.487818 0.562744 0.488877 0.562256 0.488877 0.562500 0.489936 0.562256 0.491525 0.564941 0.497352 0.565186 0.498941 0.565918 0.500530 0.566650 0.504767 0.566895 0.508475 0.567627 0.509004 0.568359 0.507415 0.568604 0.505826 0.570312 0.505297 0.570557 0.504767 0.570312 0.503708 0.569336 0.502119 0.569092 0.500000 0.566895 0.495233 0.565430 0.489936 0.564941 0.489407 0.564941 0.488347 0.562500 0.483581 0.562012 0.480932 0.561768 0.481462 0.560791 0.479873 0.560547 0.477225 0.559570 0.475636 0.558838 0.471928 0.558105 0.471398 0.557617 0.469809 0.556641 0.468750 0.556396 0.469280 0.555908 0.468750 0.556152 0.468220 0.555908 0.465042 0.555176 0.464513 0.554688 0.461864 0.554932 0.461335 0.556152 0.461335 0.554932 0.456568 0.554932 0.451801 0.554199 0.450212 0.552002 0.447564 0.550293 0.443856
2 0.551025 0.173199 0.548340 0.175318 0.544434 0.202331 0.541016 0.206568 0.541260 0.230932 0.532715 0.309322 0.529053 0.326271 0.524170 0.328390 0.527344 0.341631 0.525635 0.363877 0.528320 0.410487 0.526123 0.443326 0.528320 0.447564 0.523438 0.493114 0.526367 0.491525 0.521484 0.528072 0.517090 0.534958 0.498779 0.507945 0.478271 0.492585 0.427734 0.481992 0.420898 0.484110 0.430420 0.489407 0.429932 0.497352 0.415039 0.498411 0.417969 0.503178 0.440674 0.501059 0.469971 0.521186 0.475098 0.511653 0.463623 0.498941 0.482910 0.504767 0.502441 0.522775 0.500732 0.528602 0.495117 0.524894 0.494141 0.536017 0.503906 0.546610 0.502197 0.549788 0.518311 0.572034 0.519287 0.602225 0.524902 0.639831 0.528076 0.626589 0.524170 0.588453 0.526367 0.570975 0.522705 0.560381 0.522705 0.541843 0.530273 0.502119 0.528564 0.487818 0.531250 0.478284 0.533447 0.445975 0.531738 0.425847 0.534424 0.404131 0.529785 0.338983 0.537842 0.302966 0.536133 0.300847 0.540039 0.259534 0.542480 0.255826 0.544434 0.212394
2 0.802002 0.145127 0.801758 0.145127 0.801025 0.143538 0.800781 0.143538 0.800781 0.144068 0.800049 0.145657 0.799805 0.145127 0.799561 0.145657 0.799072 0.145657 0.798828 0.145127 0.798584 0.145657 0.798340 0.145127 0.798096 0.145657 0.797852 0.145657 0.797607 0.146186 0.796875 0.146186 0.796387 0.147246 0.796143 0.146716 0.795898 0.146716 0.795898 0.147246 0.795654 0.147775 0.795654 0.148305 0.795410 0.148835 0.795166 0.148835 0.794922 0.149364 0.794678 0.149364 0.793945 0.150953 0.793701 0.150953 0.792725 0.153072 0.792725 0.153602 0.792480 0.154131 0.792480 0.154661 0.792236 0.155191 0.792236 0.156250 0.791992 0.156780 0.791992 0.157309 0.792236 0.156780 0.793701 0.156780 0.794434 0.155191 0.794678 0.155191 0.794678 0.154661 0.794922 0.154131 0.795166 0.154661 0.796143 0.154661 0.796631 0.153602 0.796875 0.153602 0.797119 0.153072 0.797363 0.153072 0.798096 0.151483 0.798584 0.151483 0.798828 0.150953 0.799072 0.150953 0.800049 0.148835 0.800049 0.148305 0.800293 0.147775 0.800537 0.148305 0.800781 0.147775 0.801270 0.147775 0.801514 0.147246 0.801514 0.146716 0.802002 0.145657
2 0.818115 0.107521 0.811768 0.117585 0.805420 0.140890 0.808594 0.142479 0.807861 0.148835 0.805420 0.150424 0.804932 0.148305 0.801025 0.161017 0.794189 0.165254 0.791748 0.163665 0.792236 0.168432 0.791016 0.170021 0.794434 0.170551 0.795898 0.184322 0.791016 0.228284 0.784180 0.247881 0.782471 0.262182 0.780518 0.264831 0.774902 0.288665 0.770752 0.295551 0.771240 0.301377 0.765625 0.325212 0.763184 0.342161 0.760742 0.349047 0.761963 0.351695 0.764404 0.352225 0.762939 0.349047 0.763428 0.342161 0.767822 0.333157 0.768311 0.323093 0.770020 0.320975 0.772217 0.304555 0.774414 0.300318 0.774170 0.296610 0.776611 0.293962 0.776367 0.300847 0.780273 0.275424 0.782959 0.268008 0.785400 0.268008 0.784668 0.265890 0.786133 0.263771 0.786621 0.256356 0.788574 0.256356 0.789307 0.253178 0.789062 0.244703 0.791260 0.241525 0.791504 0.244174 0.791504 0.240996 0.793457 0.239936 0.794678 0.232521 0.793457 0.227225 0.797852 0.207097 0.797363 0.202860 0.798340 0.201801 0.799072 0.204979 0.800537 0.199682 0.798828 0.197034 0.799561 0.184322 0.800537 0.182203 0.802002 0.183792 0.802734 0.174788 0.801270 0.172669 0.800293 0.174788 0.800049 0.169492 0.801514 0.168962 0.808105 0.153072 0.810059 0.135064 0.811279 0.132945 0.812012 0.136123 0.811035 0.138242 0.812744 0.139301 0.814941 0.125530 0.816895 0.127119 0.815918 0.131886 0.818848 0.128178 0.819092 0.125000 0.816650 0.126589 0.813721 0.124470 0.815918 0.118114 0.815918 0.120763 0.817627 0.119174 0.818848 0.123941 0.820312 0.122352 0.821045 0.112288 0.818115 0.112288
2 0.852783 0.042903 0.851562 0.044492 0.851562 0.041843 0.851074 0.040784 0.850098 0.041314 0.849365 0.040254 0.849121 0.042373 0.848389 0.042373 0.847900 0.040254 0.846924 0.041843 0.847656 0.042903 0.847656 0.045021 0.845703 0.048729 0.845215 0.050847 0.843750 0.051377 0.843506 0.052966 0.841797 0.055085 0.841309 0.056674 0.841797 0.058263 0.841064 0.059322 0.840820 0.057733 0.840088 0.057733 0.836182 0.062500 0.835693 0.065148 0.834961 0.065148 0.834717 0.067267 0.829834 0.076271 0.828125 0.082627 0.824463 0.091102 0.824463 0.093220 0.825195 0.093750 0.825195 0.096928 0.824463 0.098517 0.823242 0.095339 0.821289 0.099576 0.821777 0.100106 0.822754 0.099047 0.823242 0.100636 0.822754 0.101695 0.823242 0.102754 0.822754 0.104343 0.823242 0.104873 0.822998 0.105403 0.824219 0.109640 0.823730 0.114407 0.824463 0.114407 0.832031 0.094809 0.833008 0.094280 0.834961 0.090572 0.835938 0.090572 0.839355 0.083686 0.840576 0.079979 0.841797 0.078390 0.837891 0.078390 0.837646 0.076271 0.837158 0.075742 0.837646 0.070975 0.837891 0.072034 0.838135 0.070975 0.840088 0.069386 0.841064 0.069386 0.841309 0.070445 0.842529 0.067797 0.842285 0.066208 0.842773 0.065678 0.842529 0.065148 0.843018 0.063559 0.843750 0.064619 0.844238 0.063559 0.843750 0.063030 0.846680 0.061441 0.846680 0.058792 0.847168 0.058263 0.847656 0.059852 0.849121 0.056144 0.850098 0.055614 0.850586 0.054025 0.849854 0.052436 0.849854 0.050847 0.851074 0.049788 0.850586 0.049258 0.850586 0.048199 0.851074 0.048199 0.850586 0.046081 0.851318 0.043962 0.852051 0.043962 0.852051 0.045551 0.852295 0.044492 0.853027 0.044492 0.852539 0.043962
2 0.999756 0.000000 0.997559 0.000000 0.997559 0.003178 0.996338 0.005297 0.991943 0.005297 0.988770 0.015890 0.990967 0.017479 0.986328 0.025953 0.987305 0.029131 0.986328 0.029661 0.985840 0.035487 0.983887 0.038136 0.983887 0.042373 0.980713 0.047669 0.979736 0.040784 0.978760 0.039725 0.977295 0.045551 0.977539 0.050847 0.976318 0.059322 0.979248 0.057203 0.980469 0.058792 0.977783 0.069386 0.978027 0.075742 0.976318 0.077331 0.974609 0.083157 0.974609 0.086335 0.973633 0.087924 0.973633 0.094809 0.972168 0.095339 0.970459 0.093220 0.968750 0.123941 0.967529 0.125000 0.967285 0.130297 0.969727 0.138771 0.971436 0.139301 0.972168 0.142479 0.972656 0.159958 0.971680 0.161547 0.971924 0.172669 0.972412 0.169492 0.974609 0.171610 0.973633 0.180614 0.972900 0.182203 0.972168 0.180614 0.972412 0.189619 0.973877 0.192267 0.977783 0.192797 0.979736 0.189089 0.979736 0.176377 0.978516 0.177966 0.978027 0.173199 0.979492 0.167903 0.980469 0.168432 0.980713 0.163136 0.979980 0.164195 0.979248 0.162076 0.979248 0.157309 0.980469 0.156780 0.980713 0.153072 0.977539 0.152542 0.978271 0.145657 0.977783 0.141419 0.978516 0.140360 0.977295 0.140360 0.976562 0.135593 0.976807 0.131356 0.978271 0.131886 0.978760 0.130297 0.978027 0.115466 0.979736 0.109110 0.980469 0.102754 0.979736 0.102225 0.980957 0.094280 0.982666 0.092691 0.982666 0.086864 0.985596 0.078919 0.985840 0.074682 0.987793 0.072564 0.989746 0.060911 0.995361 0.045021 0.997803 0.029131 0.999756 0.027542
2 0.883057 0.000000 0.881592 0.000530 0.881104 0.000000 0.872070 0.000000 0.871582 0.001589 0.869873 0.002648 0.869141 0.004767 0.868164 0.005826 0.867676 0.008475 0.866943 0.009004 0.864014 0.015360 0.863037 0.015890 0.862793 0.017479 0.861328 0.020657 0.860596 0.021186 0.857910 0.025953 0.857666 0.028072 0.858887 0.029661 0.859131 0.030720 0.858887 0.031780 0.858154 0.032309 0.857178 0.031780 0.855713 0.033898 0.854980 0.033369 0.854492 0.036017 0.854980 0.038136 0.855713 0.039195 0.855957 0.041843 0.856445 0.041314 0.856689 0.039195 0.856201 0.038665 0.856689 0.037076 0.857422 0.038665 0.858154 0.037606 0.858887 0.038665 0.859619 0.038665 0.860352 0.041314 0.861084 0.037076 0.860840 0.036547 0.859619 0.038136 0.859131 0.037606 0.858887 0.036017 0.859375 0.034428 0.861084 0.033898 0.861816 0.034428 0.862061 0.032309 0.862549 0.031250 0.862793 0.031780 0.864014 0.029131 0.863770 0.027013 0.864502 0.026483 0.865234 0.024364 0.866943 0.024364 0.867188 0.025424 0.867188 0.023835 0.868408 0.021716 0.870605 0.021186 0.871094 0.020127 0.870850 0.020657 0.870361 0.019597 0.870361 0.018538 0.870850 0.018008 0.871338 0.019068 0.871094 0.018538 0.871582 0.015890 0.871094 0.015360 0.871826 0.013771 0.871338 0.013771 0.870850 0.012712 0.871338 0.010064 0.871582 0.010593 0.872803 0.010064 0.873535 0.012182 0.874023 0.011123 0.875000 0.010593 0.875244 0.009534 0.875732 0.012712 0.876465 0.013242 0.880615 0.005826 0.882080 0.002119 0.882812 0.001589
