0 0.441650 0.993114 0.441406 0.993644 0.441406 0.996292 0.441162 0.996822 0.440918 0.996822 0.440674 0.996292 0.440430 0.996822 0.440674 0.997352 0.440430 0.997881 0.440430 0.998411 0.440918 0.999470 0.441650 0.999470 0.441650 0.998941 0.441895 0.998411 0.442139 0.998411 0.442383 0.998941 0.442383 0.999470 0.443359 0.999470 0.443359 0.998941 0.443115 0.998411 0.443115 0.997352 0.442627 0.996292 0.442627 0.994174 0.442383 0.993644 0.441895 0.993644
0 0.474609 0.988347 0.475098 0.989407 0.475098 0.990996 0.474609 0.992055 0.474609 0.992585 0.475098 0.993644 0.475098 0.994174 0.475342 0.994703 0.475342 0.995233 0.475098 0.995763 0.475098 0.996822 0.475586 0.997881 0.477051 0.997881 0.477539 0.996292 0.477783 0.996292 0.478027 0.996822 0.478760 0.996822 0.479004 0.996292 0.479248 0.996292 0.479492 0.995763 0.479736 0.995763 0.480469 0.994703 0.482666 0.994703 0.482910 0.995233 0.484375 0.995233 0.484863 0.994174 0.484863 0.993114 0.485107 0.992585 0.485107 0.992055 0.485352 0.991525 0.485352 0.990466 0.485840 0.988877 0.485840 0.987818 0.486084 0.987288 0.486084 0.986229 0.486328 0.985699 0.486328 0.984640 0.486572 0.984110 0.486572 0.983581 0.487061 0.982521 0.487061 0.981992 0.486816 0.981462 0.486572 0.981992 0.486084 0.981992 0.485840 0.982521 0.484863 0.982521 0.484619 0.983051 0.481934 0.983051 0.481689 0.983581 0.480469 0.983581 0.480225 0.983051 0.479980 0.983051 0.479736 0.982521 0.479492 0.982521 0.478760 0.981462 0.478516 0.981992 0.478516 0.982521 0.478760 0.983051 0.478760 0.984640 0.478516 0.985169 0.478516 0.985699 0.478271 0.986229 0.478027 0.986229 0.477783 0.985699 0.477783 0.984640 0.477295 0.983581 0.476807 0.984640 0.476807 0.985699 0.476318 0.986758 0.476318 0.989407 0.476074 0.989936 0.474854 0.987818
0 0.490723 0.980932 0.490479 0.980932 0.489746 0.982521 0.489502 0.981992 0.489258 0.982521 0.489502 0.983051 0.488281 0.985699 0.488281 0.986229 0.488037 0.986758 0.488037 0.987288 0.487549 0.988347 0.487549 0.988877 0.488770 0.991525 0.489014 0.990996 0.489014 0.988347 0.489258 0.987818 0.489746 0.987818 0.490479 0.986229 0.490479 0.985169 0.490234 0.984640 0.489990 0.985169 0.489746 0.985169 0.489502 0.984640 0.489502 0.984110 0.489258 0.983581 0.489746 0.982521 0.489990 0.982521 0.490234 0.983051 0.490479 0.983051 0.490723 0.982521 0.490967 0.982521 0.491211 0.981992
0 0.501221 0.979873 0.500977 0.979873 0.500488 0.980932 0.500244 0.980932 0.500000 0.981462 0.499756 0.981462 0.499512 0.981992 0.499512 0.982521 0.500000 0.983581 0.500000 0.984640 0.499756 0.985169 0.499023 0.985169 0.498779 0.984640 0.498535 0.984640 0.498291 0.985169 0.498291 0.990466 0.497559 0.992055 0.497559 0.992585 0.497803 0.993114 0.498047 0.993114 0.498291 0.993644 0.498047 0.994174 0.498291 0.994703 0.498535 0.994174 0.498535 0.993644 0.498779 0.993114 0.498779 0.992585 0.499023 0.992055 0.499023 0.991525 0.499268 0.990996 0.499268 0.990466 0.499512 0.989936 0.499512 0.989407 0.499756 0.988877 0.499756 0.988347 0.500000 0.987818 0.500000 0.986758 0.500244 0.986229 0.500244 0.985699 0.500488 0.985169 0.500488 0.984640 0.501953 0.981462 0.501953 0.980932 0.501709 0.980403 0.501465 0.980403
0 0.442627 0.979343 0.442383 0.979873 0.442383 0.981992 0.442627 0.982521 0.442383 0.983051 0.442627 0.983581 0.442383 0.984110 0.442383 0.985699 0.441895 0.986758 0.441895 0.988877 0.441650 0.989407 0.441406 0.989407 0.441162 0.988877 0.441162 0.988347 0.440918 0.987818 0.440430 0.988877 0.440430 0.990466 0.440674 0.990996 0.442383 0.990996 0.442627 0.990466 0.442627 0.989407 0.443115 0.988347 0.443115 0.984640 0.442627 0.983581 0.442871 0.983051 0.442627 0.982521 0.443115 0.981462 0.443115 0.980403
0 0.447021 0.968750 0.446777 0.969280 0.446777 0.969809 0.447021 0.970339 0.447021 0.971928 0.447510 0.973517 0.447510 0.977754 0.447754 0.978284 0.447754 0.982521 0.447998 0.983051 0.447998 0.984640 0.448242 0.985169 0.448242 0.985699 0.447998 0.986229 0.447754 0.986229 0.446777 0.983051 0.446533 0.983051 0.446289 0.983581 0.446289 0.984640 0.446045 0.985169 0.445801 0.985169 0.445068 0.984110 0.444824 0.984640 0.444824 0.985699 0.444580 0.986229 0.444824 0.986758 0.444336 0.988347 0.444336 0.989407 0.444580 0.989936 0.444580 0.991525 0.444336 0.992055 0.444336 0.992585 0.444580 0.993114 0.444580 0.993644 0.444336 0.994174 0.444092 0.993644 0.443848 0.994174 0.444092 0.994703 0.444336 0.994174 0.444580 0.994174 0.445312 0.995763 0.445312 0.996822 0.445557 0.997352 0.445801 0.996822 0.446045 0.996822 0.446289 0.996292 0.447021 0.995763 0.447998 0.993644 0.447998 0.990466 0.448242 0.989936 0.448242 0.988877 0.448486 0.988347 0.448486 0.987288 0.448730 0.986758 0.448730 0.984640 0.448975 0.984110 0.448975 0.977754 0.448730 0.977225 0.448975 0.976695 0.448975 0.972987 0.449219 0.972458 0.449219 0.971928 0.449707 0.970869 0.449463 0.970339 0.448975 0.970339 0.448730 0.969809 0.447754 0.969809
0 0.496582 0.957627 0.495605 0.957627 0.495117 0.956568 0.494873 0.957097 0.494629 0.956568 0.494141 0.957627 0.494629 0.958686 0.494141 0.959746 0.494141 0.960275 0.493896 0.960805 0.493652 0.960805 0.493408 0.961335 0.493408 0.961864 0.493652 0.962394 0.492432 0.965042 0.492432 0.965572 0.492676 0.966102 0.492676 0.966631 0.491943 0.968220 0.491699 0.967691 0.491455 0.968220 0.491943 0.969280 0.491943 0.970339 0.492188 0.970869 0.492188 0.972458 0.492432 0.972987 0.493164 0.972987 0.494141 0.970869 0.494629 0.970869 0.495117 0.969809 0.495361 0.969809 0.495605 0.969280 0.495850 0.969280 0.496338 0.968220 0.496582 0.968750 0.496826 0.968220 0.496582 0.967691 0.496826 0.967161 0.496826 0.964513 0.497070 0.963983 0.497070 0.962924 0.497559 0.961864 0.497559 0.961335 0.496826 0.959746 0.496826 0.958157
0 0.478271 0.956568 0.477539 0.958157 0.477295 0.957627 0.477051 0.957627 0.476807 0.958157 0.476807 0.958686 0.477051 0.959216 0.477295 0.959216 0.477539 0.959746 0.477295 0.960275 0.477295 0.960805 0.477539 0.961335 0.477539 0.962394 0.477051 0.963453 0.477051 0.965042 0.477295 0.965572 0.477539 0.965572 0.477783 0.966102 0.478027 0.965572 0.478516 0.966631 0.478516 0.969280 0.478760 0.969809 0.479248 0.968750 0.479248 0.968220 0.479492 0.967691 0.479492 0.967161 0.479736 0.966631 0.479736 0.963983 0.479492 0.963453 0.479492 0.961864 0.479248 0.961335 0.479248 0.959216 0.479004 0.958686 0.479004 0.957097 0.478760 0.956568 0.478516 0.957097
0 0.439697 0.925847 0.439209 0.926907 0.439209 0.927436 0.439453 0.927966 0.439697 0.927436 0.440186 0.928496 0.440186 0.930085 0.439941 0.930614 0.439941 0.931144 0.439697 0.931674 0.440186 0.932733 0.440186 0.933792 0.439941 0.934322 0.440186 0.934852 0.440186 0.935911 0.439941 0.936441 0.440186 0.936970 0.440186 0.938030 0.440918 0.939619 0.440918 0.940148 0.440674 0.940678 0.440674 0.943856 0.440918 0.944386 0.440674 0.944915 0.440674 0.945975 0.440918 0.946504 0.440674 0.947034 0.441162 0.948093 0.441406 0.947564 0.441895 0.947564 0.442139 0.947034 0.442139 0.945975 0.442383 0.945445 0.442627 0.945445 0.442871 0.945975 0.443115 0.945445 0.442627 0.944386 0.442627 0.941208 0.442139 0.940148 0.442139 0.934322 0.441895 0.933792 0.441895 0.932203 0.441650 0.931674 0.441650 0.929555 0.441406 0.929025 0.441406 0.926907 0.441162 0.926377 0.440918 0.926377 0.440674 0.925847 0.440186 0.925847 0.439941 0.926377
0 0.505859 0.924258 0.505371 0.925318 0.505371 0.925847 0.505127 0.926377 0.504883 0.925847 0.504639 0.925847 0.503906 0.927436 0.503906 0.927966 0.503418 0.929025 0.503418 0.929555 0.502930 0.930614 0.502930 0.931144 0.502441 0.932203 0.502441 0.932733 0.501953 0.933792 0.501709 0.933792 0.501465 0.934322 0.501709 0.934852 0.500977 0.935911 0.500977 0.936441 0.500732 0.936970 0.500488 0.938559 0.500000 0.939619 0.500000 0.940148 0.499756 0.940678 0.499756 0.941208 0.499512 0.941737 0.499268 0.943326 0.498779 0.944386 0.498779 0.944915 0.498291 0.945975 0.498291 0.946504 0.497314 0.948623 0.497314 0.949682 0.496826 0.950742 0.497070 0.951271 0.497070 0.951801 0.497559 0.952860 0.497559 0.954449 0.498047 0.955508 0.498291 0.955508 0.499268 0.952860 0.499512 0.953390 0.500000 0.952331 0.500000 0.951801 0.499756 0.951271 0.500000 0.950742 0.500244 0.949153 0.500732 0.948093 0.500977 0.948623 0.502197 0.945975 0.502197 0.944386 0.501709 0.943326 0.501953 0.942797 0.501953 0.942267 0.502441 0.941208 0.502930 0.941208 0.503418 0.940148 0.503174 0.939619 0.502930 0.939619 0.502686 0.939089 0.502686 0.938559 0.502930 0.938030 0.503418 0.938030 0.503662 0.937500 0.503662 0.936441 0.503906 0.935911 0.504639 0.936441 0.505127 0.935381 0.504639 0.934322 0.504639 0.933263 0.504883 0.932733 0.504639 0.932203 0.503906 0.932203 0.503662 0.931674 0.503662 0.930085 0.503906 0.929555 0.504883 0.929555 0.505615 0.927966 0.505615 0.927436 0.505371 0.926907 0.506104 0.925847 0.505859 0.925318 0.506104 0.924788
0 0.465088 0.922669 0.464844 0.923199 0.464600 0.931144 0.464355 0.931674 0.464355 0.933792 0.463867 0.935911 0.463867 0.940678 0.463623 0.941208 0.463623 0.946504 0.464600 0.949682 0.464111 0.952331 0.464111 0.956568 0.463867 0.957097 0.463623 0.959746 0.462646 0.962924 0.462891 0.965042 0.463623 0.966631 0.463867 0.979343 0.463623 0.979873 0.463623 0.980932 0.462402 0.983581 0.461670 0.987288 0.462891 0.993114 0.462891 0.994174 0.464111 0.995233 0.464600 0.994703 0.465088 0.992055 0.464844 0.987818 0.464600 0.987288 0.464844 0.986758 0.464844 0.985169 0.464600 0.984640 0.464600 0.975106 0.464844 0.974576 0.464844 0.969809 0.464600 0.969280 0.464600 0.960805 0.464844 0.960275 0.464844 0.954979 0.465088 0.954449 0.465088 0.948623 0.464844 0.948093 0.464844 0.945445 0.464600 0.944915 0.464600 0.941737 0.465088 0.940678 0.465088 0.932733 0.465332 0.932203 0.465088 0.931144 0.465088 0.929555 0.465332 0.929025 0.465088 0.927436 0.465576 0.926377 0.465332 0.925847 0.465576 0.923729
0 0.513428 0.922140 0.513184 0.922140 0.512451 0.923729 0.511963 0.923729 0.511719 0.924258 0.511719 0.926377 0.511963 0.926907 0.511963 0.927436 0.511719 0.927966 0.511719 0.931144 0.511230 0.932203 0.509277 0.932203 0.509033 0.932733 0.509766 0.933792 0.509766 0.935911 0.510742 0.937500 0.510742 0.939089 0.510498 0.939619 0.510254 0.941208 0.509766 0.942267 0.509766 0.943326 0.509277 0.944386 0.509033 0.945975 0.508301 0.947564 0.508301 0.951801 0.508057 0.952331 0.507812 0.952331 0.506592 0.954979 0.506592 0.955508 0.506348 0.956038 0.506348 0.959746 0.505859 0.961335 0.505859 0.961864 0.506104 0.962394 0.506592 0.961335 0.506836 0.959746 0.507568 0.958157 0.507568 0.957627 0.508545 0.956038 0.508789 0.954449 0.509766 0.951801 0.509766 0.950742 0.510010 0.950212 0.510010 0.948623 0.510254 0.948093 0.510498 0.946504 0.510986 0.945445 0.510986 0.944915 0.512207 0.942267 0.512207 0.941737 0.512695 0.940678 0.512695 0.939619 0.513428 0.938030 0.513428 0.936970 0.513672 0.936441 0.513672 0.935911 0.515381 0.931674 0.515381 0.929025 0.515137 0.928496 0.514893 0.929025 0.513672 0.929025 0.513428 0.928496 0.513428 0.923729 0.513672 0.923199 0.513672 0.922669
0 0.516113 0.898305 0.515625 0.899364 0.515381 0.899364 0.514648 0.900953 0.514160 0.899364 0.513428 0.899364 0.512939 0.900424 0.512695 0.900424 0.512451 0.899894 0.512207 0.900424 0.512207 0.902542 0.512695 0.903602 0.512695 0.904131 0.512451 0.904661 0.512695 0.906250 0.512207 0.907309 0.512207 0.908898 0.512451 0.909428 0.512939 0.909428 0.513428 0.911017 0.513672 0.910487 0.513916 0.910487 0.514160 0.911017 0.514160 0.912606 0.513428 0.914195 0.513184 0.914195 0.512451 0.912606 0.512207 0.912606 0.511963 0.913136 0.511963 0.914195 0.511230 0.915254 0.511230 0.915784 0.511963 0.916843 0.511963 0.918432 0.512207 0.918962 0.512939 0.917903 0.513428 0.917903 0.513672 0.918432 0.513916 0.917903 0.513916 0.915254 0.514160 0.914725 0.516357 0.914725 0.516602 0.915254 0.516602 0.917373 0.517090 0.918432 0.517090 0.919492 0.517334 0.920021 0.517578 0.920021 0.517822 0.919492 0.517822 0.918432 0.518311 0.917373 0.518311 0.915254 0.517822 0.914195 0.517822 0.913136 0.517578 0.912606 0.517578 0.909428 0.517334 0.908898 0.516846 0.909958 0.515625 0.909958 0.515381 0.909428 0.515381 0.906780 0.515625 0.906250 0.517090 0.906250 0.517334 0.905720 0.517090 0.905191 0.516602 0.905191 0.516357 0.904661 0.517090 0.903602 0.516846 0.903072 0.516846 0.902542 0.516602 0.902013 0.516357 0.902542 0.516113 0.902542 0.515869 0.902013 0.515869 0.901483 0.516357 0.900424 0.516357 0.898835
0 0.514893 0.868644 0.514160 0.870233 0.514160 0.871292 0.513672 0.872352 0.514160 0.873411 0.514160 0.875000 0.514404 0.875530 0.514160 0.876059 0.514160 0.876589 0.514404 0.877119 0.514648 0.877119 0.514893 0.876589 0.514893 0.875530 0.515137 0.875000 0.515625 0.875000 0.516357 0.873411 0.516357 0.872352 0.516846 0.871292 0.516602 0.870763 0.516357 0.870763 0.516113 0.870233 0.515625 0.870233
0 0.511963 0.858051 0.511719 0.858581 0.511719 0.860169 0.511963 0.860699 0.512207 0.860699 0.512695 0.859640 0.512939 0.860169 0.513184 0.860169 0.513428 0.860699 0.513428 0.862288 0.513672 0.862818 0.513672 0.863347 0.514160 0.864407 0.514160 0.864936 0.514404 0.865466 0.514648 0.864936 0.514893 0.864936 0.515137 0.864407 0.514893 0.863877 0.514648 0.864407 0.514404 0.863877 0.514404 0.860699 0.514893 0.859640 0.514893 0.859110 0.514404 0.858051 0.514160 0.858051 0.513672 0.856992 0.513428 0.857521 0.513428 0.858051 0.513184 0.858581 0.512939 0.858581 0.512695 0.859110 0.512207 0.858051
0 0.520996 0.837394 0.520752 0.837924 0.520752 0.838453 0.520508 0.838983 0.520508 0.840042 0.520264 0.840572 0.520020 0.840042 0.519775 0.840572 0.519531 0.840572 0.519287 0.840042 0.518799 0.840042 0.518311 0.841102 0.517822 0.841102 0.517578 0.841631 0.517578 0.844280 0.518066 0.845339 0.518311 0.845339 0.518555 0.844809 0.518799 0.844809 0.519531 0.843220 0.519531 0.842691 0.519775 0.842161 0.520020 0.842691 0.520264 0.842161 0.520264 0.840572 0.520508 0.840042 0.520752 0.840572 0.520996 0.840042 0.521240 0.840042 0.521484 0.839513 0.521484 0.838453
0 0.431641 0.787606 0.428711 0.800847 0.422119 0.801377 0.422119 0.804025 0.421387 0.803496 0.421143 0.801907 0.420166 0.802966 0.419434 0.801377 0.417480 0.801907 0.416748 0.804555 0.415771 0.800847 0.415771 0.798199 0.416260 0.797140 0.415283 0.796081 0.414307 0.798729 0.413330 0.798729 0.415771 0.804025 0.415771 0.806674 0.416992 0.808263 0.416748 0.811441 0.417725 0.817267 0.417725 0.820445 0.418213 0.822564 0.419434 0.824682 0.419678 0.822564 0.418701 0.819915 0.418701 0.815148 0.417725 0.811441 0.417725 0.808792 0.418213 0.807733 0.419678 0.807733 0.420410 0.809852 0.420898 0.807733 0.421387 0.808263 0.421875 0.807203 0.421631 0.805614 0.422363 0.805085 0.423340 0.810911 0.425293 0.808792 0.426514 0.811441 0.427002 0.814089 0.425537 0.820445 0.423584 0.821504 0.424072 0.822564 0.424072 0.829449 0.423584 0.830508 0.424072 0.836864 0.423584 0.838983 0.423584 0.843220 0.424561 0.845339 0.425781 0.845339 0.426270 0.844280 0.426514 0.837394 0.427002 0.833157 0.427490 0.832097 0.427490 0.830508 0.427002 0.830508 0.426758 0.829449 0.428223 0.826271 0.427734 0.824682 0.427246 0.825212 0.427002 0.823623 0.428223 0.823623 0.428711 0.821504 0.428467 0.820445 0.427002 0.822034 0.426758 0.820975 0.427490 0.816737 0.428223 0.818326 0.429443 0.817797 0.428467 0.816208 0.428711 0.814089 0.428223 0.813030 0.428223 0.809852 0.428955 0.806674 0.429932 0.806144 0.428955 0.804555 0.430908 0.797669 0.430664 0.796081 0.431396 0.789725 0.431885 0.788665
0 0.439453 0.779661 0.438477 0.780191 0.438965 0.784428 0.436768 0.788665 0.437256 0.790254 0.438477 0.790254 0.438477 0.792903 0.437744 0.795551 0.437988 0.798199 0.436279 0.799788 0.435547 0.802436 0.436279 0.804555 0.435059 0.810911 0.436035 0.813559 0.435547 0.817267 0.434814 0.817267 0.433838 0.819386 0.433594 0.822564 0.432617 0.823623 0.433594 0.827860 0.432861 0.829979 0.433594 0.833157 0.433105 0.837394 0.434082 0.839513 0.433838 0.841631 0.432129 0.843750 0.432373 0.846398 0.431641 0.847987 0.431885 0.852225 0.430908 0.859640 0.433105 0.871822 0.432373 0.873941 0.432373 0.879767 0.433105 0.882945 0.432617 0.884004 0.432617 0.888771 0.431396 0.890360 0.430420 0.894068 0.431885 0.895657 0.433350 0.893538 0.434326 0.895657 0.434326 0.898835 0.436035 0.903602 0.435547 0.906250 0.437012 0.906250 0.437744 0.910487 0.439209 0.909428 0.439697 0.893538 0.438477 0.886123 0.437988 0.886123 0.437988 0.888771 0.437256 0.887182 0.437256 0.884534 0.437988 0.883475 0.435303 0.881886 0.435547 0.880826 0.437500 0.880826 0.437256 0.877648 0.435791 0.876589 0.436035 0.872881 0.437012 0.871822 0.436523 0.853284 0.438477 0.840042 0.445068 0.831568 0.442383 0.827331 0.440918 0.822034 0.440430 0.808263 0.440918 0.806144 0.440430 0.806144 0.440186 0.810911 0.439697 0.811970 0.439209 0.810911 0.439697 0.805085 0.440918 0.802966 0.439209 0.801377 0.439209 0.798729 0.440186 0.798199 0.439209 0.797140 0.439209 0.788136 0.439941 0.786547 0.439697 0.783898 0.440674 0.783369 0.439697 0.782309
0 0.439697 0.765890 0.439453 0.766419 0.439453 0.767479 0.439697 0.768008 0.439453 0.768538 0.439453 0.769597 0.438965 0.770657 0.438721 0.770127 0.438477 0.770657 0.438232 0.770127 0.437988 0.770657 0.437988 0.772246 0.438477 0.773305 0.437988 0.774364 0.437988 0.775424 0.438232 0.775953 0.438477 0.775424 0.438965 0.776483 0.438965 0.777542 0.439209 0.778072 0.439453 0.778072 0.439697 0.777542 0.439697 0.776483 0.440186 0.775424 0.440186 0.766949
0 0.464355 0.743644 0.463135 0.743644 0.462891 0.744174 0.462891 0.744703 0.463135 0.745233 0.463135 0.747881 0.463623 0.748941 0.463623 0.750530 0.463379 0.751059 0.463379 0.751589 0.462646 0.753178 0.462646 0.753708 0.462891 0.754237 0.462891 0.757945 0.463379 0.759004 0.463623 0.758475 0.463623 0.757415 0.463867 0.756886 0.464111 0.756886 0.464355 0.757415 0.464600 0.756886 0.464600 0.755297 0.464844 0.754767 0.465088 0.754767 0.465576 0.755826 0.466797 0.755826 0.467285 0.754767 0.467041 0.754237 0.466797 0.754237 0.466064 0.752648 0.465820 0.752648 0.464844 0.754767 0.464600 0.754237 0.464355 0.754237 0.463623 0.752648 0.463623 0.752119 0.464111 0.751059 0.464111 0.750000 0.464600 0.748941 0.464600 0.744174
0 0.520020 0.711864 0.519775 0.711864 0.519531 0.712394 0.519531 0.713453 0.519287 0.713983 0.518799 0.713983 0.518555 0.714513 0.518555 0.715572 0.518066 0.716631 0.518066 0.718750 0.517822 0.719280 0.518066 0.719809 0.518555 0.719809 0.519043 0.718750 0.519287 0.718750 0.519531 0.719280 0.519531 0.719809 0.519043 0.720869 0.519043 0.721928 0.518555 0.722987 0.518555 0.723517 0.519043 0.724576 0.519043 0.726165 0.519287 0.726695 0.519531 0.726165 0.519775 0.726165 0.520020 0.725636 0.519775 0.725106 0.519775 0.723517 0.520752 0.721398 0.520752 0.720869 0.520264 0.719809 0.520264 0.712394
0 0.460693 0.716102 0.460938 0.716631 0.460938 0.717161 0.461182 0.717691 0.462891 0.717691 0.463379 0.716631 0.465332 0.716631 0.466064 0.715042 0.466064 0.714513 0.465820 0.713983 0.465088 0.713983 0.464600 0.715042 0.463379 0.715042 0.462891 0.713983 0.462402 0.713983 0.461426 0.711864 0.461182 0.711864 0.460938 0.712394 0.460938 0.715572
0 0.461670 0.668432 0.461670 0.668962 0.462402 0.670551 0.462402 0.672669 0.463135 0.674258 0.463379 0.674258 0.463623 0.673729 0.463623 0.672669 0.464355 0.671081 0.464600 0.671081 0.464844 0.671610 0.465088 0.671081 0.465088 0.670551 0.465332 0.670021 0.465576 0.670021 0.465820 0.669492 0.465576 0.668962 0.465576 0.667903 0.465088 0.666843 0.464844 0.667373 0.464844 0.667903 0.464111 0.669492 0.463379 0.669492 0.463135 0.668962 0.463135 0.667903 0.462402 0.666314 0.462158 0.666314 0.461914 0.666843 0.461914 0.667903
0 0.458008 0.653072 0.458008 0.653602 0.458252 0.654131 0.460693 0.654131 0.460938 0.654661 0.460938 0.657839 0.461182 0.658369 0.461182 0.660487 0.460938 0.661017 0.460938 0.662076 0.461182 0.662606 0.463135 0.662606 0.463379 0.663136 0.463623 0.662606 0.463623 0.662076 0.463867 0.661547 0.464111 0.661547 0.464844 0.663136 0.465088 0.662606 0.465088 0.661547 0.464844 0.661017 0.464355 0.661017 0.464111 0.661547 0.463867 0.661547 0.463623 0.661017 0.461914 0.661017 0.461670 0.660487 0.461670 0.653072 0.461426 0.652542 0.458252 0.652542
0 0.624756 0.577331 0.624023 0.574682 0.624023 0.570975 0.623535 0.569915 0.623291 0.567797 0.623047 0.567267 0.622559 0.567267 0.622314 0.567797 0.619873 0.568326 0.616211 0.573093 0.615723 0.572564 0.612549 0.572564 0.612305 0.572034 0.611816 0.572034 0.611084 0.570975 0.610352 0.570975 0.610107 0.570445 0.608398 0.570445 0.608154 0.570975 0.607422 0.570975 0.604980 0.574153 0.604736 0.575212 0.603271 0.578390 0.602539 0.578390 0.600830 0.580508 0.600342 0.580508 0.599365 0.581568 0.601562 0.585275 0.603027 0.585805 0.603271 0.586335 0.604004 0.586335 0.606201 0.588453 0.607422 0.588453 0.607666 0.588983 0.608643 0.588983 0.608887 0.589513 0.612793 0.589513 0.613037 0.588983 0.614258 0.588983 0.614502 0.588453 0.615234 0.588453 0.616211 0.586864 0.616455 0.587394 0.618408 0.587394 0.618652 0.587924 0.622803 0.587924 0.623291 0.586864 0.624512 0.581568 0.624512 0.580508 0.624756 0.579979
0 0.305664 0.457097 0.306396 0.458686 0.306396 0.459216 0.306641 0.459746 0.311523 0.459746 0.311768 0.459216 0.311035 0.457627 0.310791 0.457627 0.310547 0.457097 0.310059 0.457097 0.309814 0.456568 0.307617 0.456568 0.307373 0.456038 0.306885 0.456038 0.306641 0.456568 0.305908 0.456568
0 0.369629 0.003708 0.343018 0.052436 0.342041 0.101165 0.317383 0.100636 0.322754 0.150953 0.302490 0.161017 0.317383 0.209746 0.296387 0.242055 0.316406 0.310381 0.295654 0.404131 0.350342 0.439619 0.351807 0.506886 0.328369 0.532839 0.329590 0.571504 0.367432 0.629767 0.356445 0.678496 0.383057 0.734110 0.386719 0.793432 0.413818 0.795551 0.407471 0.756356 0.444092 0.710805 0.440918 0.664195 0.445068 0.729873 0.456543 0.729343 0.452637 0.662076 0.465088 0.611758 0.467529 0.675318 0.456787 0.702860 0.466797 0.701271 0.462891 0.722458 0.473145 0.737818 0.463379 0.766419 0.472412 0.764831 0.473145 0.804555 0.466064 0.813030 0.464600 0.779661 0.448242 0.831038 0.463135 0.841102 0.463867 0.811441 0.471191 0.830508 0.477295 0.945445 0.479248 0.879237 0.505859 0.872881 0.511963 0.798729 0.500732 0.813559 0.507568 0.783369 0.474609 0.779131 0.489990 0.720339 0.512451 0.746822 0.522461 0.702860 0.519775 0.774364 0.549805 0.699153 0.617188 0.704979 0.610352 0.772775 0.582275 0.732521 0.561768 0.731462 0.529541 0.811441 0.513184 0.814619 0.515137 0.836335 0.560059 0.853814 0.605957 0.843220 0.632812 0.775424 0.668457 0.737288 0.617432 0.678496 0.609131 0.635593 0.591797 0.662606 0.570312 0.656780 0.569580 0.602225 0.587891 0.584746 0.588135 0.552966 0.629150 0.518008 0.668457 0.530720 0.700195 0.501059 0.634033 0.442797 0.584717 0.302966 0.518799 0.307733 0.532715 0.231462 0.517090 0.176907 0.538086 0.142479 0.525879 0.101165 0.490723 0.057203 0.495605 0.004237 0.459961 0.000000 0.465332 0.050847 0.456787 0.057733 0.439697 0.030720 0.425049 0.051377
1 0.086426 0.987288 0.085938 0.986229 0.085938 0.985699 0.085449 0.984640 0.085449 0.984110 0.084961 0.983051 0.084717 0.983051 0.084229 0.984110 0.084229 0.984640 0.083496 0.986229 0.083252 0.986229 0.082764 0.987288 0.083008 0.987818 0.083984 0.987818 0.084229 0.988347 0.085693 0.988347 0.085938 0.987818 0.086182 0.987818
1 0.034668 0.002648 0.028809 0.019068 0.041016 0.039195 0.031982 0.060381 0.041260 0.067267 0.035400 0.102225 0.000000 0.143538 0.000000 0.420021 0.005371 0.452860 0.000000 0.520127 0.000000 0.880297 0.009521 0.907309 0.004150 0.912606 0.002686 0.974576 0.010498 0.984110 0.005127 0.989407 0.060791 0.996822 0.079834 0.987818 0.090332 0.963453 0.088867 0.993644 0.101807 0.994703 0.140137 0.893008 0.151611 0.939619 0.179443 0.921610 0.209229 0.949682 0.255127 0.938030 0.261963 0.907309 0.286377 0.895657 0.324463 0.828390 0.359131 0.829449 0.371338 0.731462 0.351318 0.717161 0.341064 0.671610 0.356445 0.647246 0.344971 0.637712 0.350342 0.631356 0.345703 0.606462 0.331299 0.595339 0.321045 0.612818 0.289551 0.572564 0.313965 0.559322 0.322998 0.524364 0.317383 0.509534 0.339111 0.502119 0.337646 0.483581 0.327881 0.476165 0.324707 0.493114 0.307129 0.498411 0.284912 0.475636 0.284180 0.452860 0.294678 0.434852 0.311523 0.431674 0.282715 0.417373 0.275146 0.400424 0.283936 0.397246 0.283203 0.375000 0.260010 0.362288 0.261963 0.349576 0.301025 0.320975 0.286865 0.265360 0.287598 0.218220 0.300049 0.201801 0.286621 0.167903 0.288574 0.155191 0.263428 0.123941 0.265625 0.064089 0.251953 0.050847 0.244141 0.084746 0.213379 0.097987 0.209961 0.126059 0.179199 0.115996 0.182129 0.092161 0.163574 0.075212 0.140381 0.006356
1 0.731201 0.800847 0.731201 0.804555 0.731445 0.805085 0.731445 0.806144 0.731689 0.806674 0.731689 0.807203 0.732178 0.808263 0.732178 0.808792 0.732666 0.809852 0.732666 0.810381 0.734131 0.813559 0.734863 0.813559 0.735107 0.813030 0.735596 0.813030 0.735840 0.812500 0.736328 0.812500 0.736572 0.811970 0.737305 0.811970 0.737549 0.811441 0.739014 0.811441 0.739258 0.810911 0.739746 0.810911 0.739990 0.810381 0.738525 0.807203 0.738281 0.807203 0.738037 0.806674 0.737793 0.806674 0.737549 0.806144 0.737305 0.806144 0.734375 0.799788 0.733398 0.799788 0.733154 0.800318 0.731445 0.800318
1 0.996582 0.003708 0.941650 0.002119 0.892822 0.087924 0.866211 0.098517 0.855957 0.115996 0.838135 0.115466 0.810059 0.162076 0.827881 0.194386 0.850098 0.181674 0.845703 0.217161 0.828125 0.221928 0.818359 0.259004 0.803955 0.259534 0.786865 0.296081 0.769043 0.309852 0.746826 0.296610 0.709961 0.305085 0.706543 0.338983 0.736084 0.372881 0.733643 0.390360 0.749512 0.420021 0.750000 0.470869 0.758789 0.491525 0.730469 0.497881 0.720459 0.543962 0.680908 0.602225 0.703369 0.628708 0.696289 0.650953 0.709961 0.675318 0.766357 0.648305 0.785400 0.666314 0.784180 0.691208 0.768799 0.729343 0.774902 0.779661 0.744141 0.789195 0.742432 0.815148 0.759033 0.807203 0.779297 0.822564 0.786377 0.808792 0.803955 0.805614 0.834961 0.826271 0.855713 0.866525 0.870117 0.858581 0.897461 0.873411 0.931885 0.862818 0.922119 0.834746 0.946289 0.816737 0.960693 0.823623 0.999756 0.887182 0.992188 0.869703 0.999756 0.851695 0.975830 0.831038 0.980713 0.826801 0.977295 0.807733 0.999756 0.808263 0.999756 0.780720 0.972168 0.717161 0.980957 0.710805 0.993896 0.731462 0.999756 0.720339
